1.864422e+10 1.864431e+10 1.864440e+10 1.864443e+10 1.864444e+10 1.864445e+10 1.864454e+10 1.864455e+10 1.864456e+10 1.864457e+10 1.864459e+10 1.864460e+10 1.864460e+10 1.864460e+10 1.864462e+10 1.864462e+10 1.864463e+10 1.864463e+10 1.864463e+10 1.864463e+10 1.864463e+10 1.864463e+10 1.864462e+10 1.864462e+10 1.864460e+10 1.864458e+10 1.864457e+10 1.864457e+10 1.864455e+10 1.864454e+10 1.864449e+10 1.864447e+10 1.864443e+10 1.864427e+10 1.864426e+10 1.864425e+10 1.864424e+10 1.864423e+10 1.864421e+10 1.864417e+10 1.864410e+10 1.864405e+10 1.864398e+10 1.864398e+10 1.864397e+10 1.863995e+10 1.863972e+10 1.863962e+10 1.863946e+10 1.863937e+10 1.863924e+10 1.863919e+10 1.863903e+10 1.863895e+10 1.863875e+10 1.863861e+10 1.863820e+10 1.863819e+10 1.863806e+10 1.863803e+10 1.863802e+10 1.863801e+10 1.863782e+10 1.863764e+10 1.863759e+10 1.863738e+10 1.863732e+10 1.863670e+10 1.863635e+10 1.863585e+10 1.863581e+10 1.863576e+10 1.863522e+10 1.863508e+10 1.863498e+10 1.863470e+10 1.863432e+10 1.863424e+10 1.863404e+10 1.863358e+10 1.863349e+10 1.863338e+10 1.863309e+10 1.863299e+10 1.863276e+10 1.863267e+10 1.863265e+10 1.863257e+10 1.863248e+10 1.863245e+10 1.863213e+10 1.863188e+10 1.863146e+10 1.863120e+10 1.863114e+10 1.863108e+10 1.863063e+10 1.863063e+10 1.863060e+10 1.863052e+10 1.863033e+10 1.860684e+10 1.860721e+10 1.860984e+10 1.860780e+10 1.860239e+10 1.860900e+10 1.861090e+10 1.859730e+10 1.861067e+10 1.860571e+10 1.860363e+10 1.861092e+10 1.860216e+10 1.859762e+10 1.860746e+10 1.860922e+10 1.860192e+10 1.861080e+10 1.859510e+10 1.859534e+10 1.860796e+10 1.859869e+10 1.861100e+10 1.860888e+10 1.859824e+10 1.860536e+10 1.860946e+10 1.860005e+10 1.860992e+10 1.860902e+10 1.860927e+10 1.861055e+10 1.859949e+10 1.859907e+10 1.861041e+10 1.859656e+10 1.861065e+10 1.859738e+10 1.861108e+10 1.859660e+10 1.859923e+10 1.860844e+10 1.861049e+10 1.860237e+10 1.861027e+10 1.860022e+10 1.860949e+10 1.860664e+10 1.861010e+10 1.860394e+10 1.861061e+10 1.859673e+10 1.860018e+10 1.860245e+10 1.861071e+10 1.859943e+10 1.861013e+10 1.860178e+10 1.860122e+10 1.859483e+10 1.861068e+10 1.861099e+10 1.860952e+10 1.860026e+10 1.861001e+10 1.861102e+10 1.859796e+10 1.861108e+10 1.860695e+10 1.860136e+10 1.861091e+10 1.859535e+10 1.860939e+10 1.861102e+10 1.861108e+10 1.860453e+10 1.859935e+10 1.860264e+10 1.861091e+10 1.859535e+10 1.861067e+10 1.861040e+10 1.860514e+10 1.861075e+10 1.861074e+10 1.860745e+10 1.860566e+10 1.861099e+10 1.860619e+10 1.860807e+10 1.860833e+10 1.860444e+10 1.861014e+10 1.860647e+10 1.861067e+10 1.861092e+10 1.860538e+10 1.861057e+10 1.861003e+10 1.861083e+10 
1.864431e+10 1.864440e+10 1.864450e+10 1.864453e+10 1.864454e+10 1.864456e+10 1.864466e+10 1.864467e+10 1.864468e+10 1.864469e+10 1.864472e+10 1.864473e+10 1.864473e+10 1.864473e+10 1.864476e+10 1.864476e+10 1.864477e+10 1.864477e+10 1.864478e+10 1.864478e+10 1.864478e+10 1.864478e+10 1.864478e+10 1.864478e+10 1.864477e+10 1.864475e+10 1.864475e+10 1.864474e+10 1.864473e+10 1.864472e+10 1.864467e+10 1.864466e+10 1.864462e+10 1.864448e+10 1.864447e+10 1.864446e+10 1.864445e+10 1.864444e+10 1.864442e+10 1.864439e+10 1.864432e+10 1.864428e+10 1.864421e+10 1.864421e+10 1.864420e+10 1.864031e+10 1.864009e+10 1.863999e+10 1.863984e+10 1.863974e+10 1.863962e+10 1.863957e+10 1.863942e+10 1.863933e+10 1.863914e+10 1.863900e+10 1.863861e+10 1.863860e+10 1.863847e+10 1.863844e+10 1.863842e+10 1.863842e+10 1.863822e+10 1.863805e+10 1.863801e+10 1.863780e+10 1.863774e+10 1.863713e+10 1.863679e+10 1.863630e+10 1.863626e+10 1.863621e+10 1.863567e+10 1.863553e+10 1.863544e+10 1.863516e+10 1.863479e+10 1.863471e+10 1.863451e+10 1.863406e+10 1.863397e+10 1.863387e+10 1.863358e+10 1.863348e+10 1.863325e+10 1.863317e+10 1.863314e+10 1.863307e+10 1.863297e+10 1.863294e+10 1.863264e+10 1.863239e+10 1.863197e+10 1.863171e+10 1.863166e+10 1.863160e+10 1.863116e+10 1.863115e+10 1.863113e+10 1.863104e+10 1.863086e+10 1.860722e+10 1.860758e+10 1.861013e+10 1.860816e+10 1.860287e+10 1.860932e+10 1.861104e+10 1.859784e+10 1.861078e+10 1.860612e+10 1.860408e+10 1.861106e+10 1.860263e+10 1.859817e+10 1.860782e+10 1.860953e+10 1.860240e+10 1.861103e+10 1.859568e+10 1.859591e+10 1.860831e+10 1.859922e+10 1.861120e+10 1.860920e+10 1.859877e+10 1.860578e+10 1.860976e+10 1.860055e+10 1.861020e+10 1.860934e+10 1.860958e+10 1.861080e+10 1.860001e+10 1.859959e+10 1.861067e+10 1.859712e+10 1.861089e+10 1.859793e+10 1.861125e+10 1.859715e+10 1.859975e+10 1.860878e+10 1.861059e+10 1.860284e+10 1.861054e+10 1.860073e+10 1.860979e+10 1.860703e+10 1.861038e+10 1.860438e+10 1.861085e+10 1.859728e+10 1.860069e+10 1.860292e+10 1.861095e+10 1.859995e+10 1.861040e+10 1.860226e+10 1.860171e+10 1.859541e+10 1.861079e+10 1.861120e+10 1.860982e+10 1.860077e+10 1.861029e+10 1.861117e+10 1.859850e+10 1.861126e+10 1.860732e+10 1.860185e+10 1.861112e+10 1.859592e+10 1.860969e+10 1.861122e+10 1.861126e+10 1.860496e+10 1.859986e+10 1.860310e+10 1.861112e+10 1.859592e+10 1.861078e+10 1.861066e+10 1.860556e+10 1.861087e+10 1.861085e+10 1.860781e+10 1.860607e+10 1.861120e+10 1.860659e+10 1.860842e+10 1.860867e+10 1.860488e+10 1.861041e+10 1.860686e+10 1.861091e+10 1.861106e+10 1.860580e+10 1.861067e+10 1.861031e+10 1.861095e+10 
1.864440e+10 1.864450e+10 1.864461e+10 1.864465e+10 1.864465e+10 1.864468e+10 1.864479e+10 1.864480e+10 1.864482e+10 1.864483e+10 1.864487e+10 1.864487e+10 1.864488e+10 1.864488e+10 1.864491e+10 1.864492e+10 1.864493e+10 1.864494e+10 1.864495e+10 1.864496e+10 1.864496e+10 1.864496e+10 1.864497e+10 1.864497e+10 1.864496e+10 1.864495e+10 1.864495e+10 1.864495e+10 1.864493e+10 1.864493e+10 1.864489e+10 1.864488e+10 1.864485e+10 1.864473e+10 1.864472e+10 1.864471e+10 1.864470e+10 1.864469e+10 1.864467e+10 1.864464e+10 1.864458e+10 1.864454e+10 1.864448e+10 1.864448e+10 1.864447e+10 1.864075e+10 1.864053e+10 1.864044e+10 1.864029e+10 1.864020e+10 1.864008e+10 1.864003e+10 1.863988e+10 1.863980e+10 1.863961e+10 1.863948e+10 1.863909e+10 1.863908e+10 1.863896e+10 1.863893e+10 1.863891e+10 1.863891e+10 1.863872e+10 1.863855e+10 1.863851e+10 1.863831e+10 1.863824e+10 1.863765e+10 1.863731e+10 1.863683e+10 1.863680e+10 1.863675e+10 1.863622e+10 1.863609e+10 1.863600e+10 1.863572e+10 1.863536e+10 1.863528e+10 1.863509e+10 1.863464e+10 1.863456e+10 1.863445e+10 1.863417e+10 1.863408e+10 1.863385e+10 1.863376e+10 1.863374e+10 1.863367e+10 1.863358e+10 1.863355e+10 1.863324e+10 1.863300e+10 1.863259e+10 1.863234e+10 1.863228e+10 1.863222e+10 1.863179e+10 1.863178e+10 1.863176e+10 1.863168e+10 1.863150e+10 1.860768e+10 1.860803e+10 1.861047e+10 1.860858e+10 1.860343e+10 1.860970e+10 1.861119e+10 1.859851e+10 1.861090e+10 1.860661e+10 1.860462e+10 1.861121e+10 1.860321e+10 1.859882e+10 1.860826e+10 1.860990e+10 1.860298e+10 1.861130e+10 1.859637e+10 1.859661e+10 1.860874e+10 1.859986e+10 1.861144e+10 1.860959e+10 1.859942e+10 1.860628e+10 1.861012e+10 1.860117e+10 1.861054e+10 1.860972e+10 1.860995e+10 1.861110e+10 1.860063e+10 1.860023e+10 1.861097e+10 1.859779e+10 1.861118e+10 1.859859e+10 1.861144e+10 1.859783e+10 1.860038e+10 1.860919e+10 1.861070e+10 1.860341e+10 1.861085e+10 1.860134e+10 1.861015e+10 1.860749e+10 1.861070e+10 1.860491e+10 1.861114e+10 1.859796e+10 1.860130e+10 1.860348e+10 1.861123e+10 1.860057e+10 1.861072e+10 1.860284e+10 1.860230e+10 1.859611e+10 1.861091e+10 1.861144e+10 1.861018e+10 1.860138e+10 1.861062e+10 1.861134e+10 1.859915e+10 1.861147e+10 1.860778e+10 1.860244e+10 1.861138e+10 1.859661e+10 1.861006e+10 1.861146e+10 1.861147e+10 1.860548e+10 1.860049e+10 1.860367e+10 1.861138e+10 1.859662e+10 1.861091e+10 1.861096e+10 1.860607e+10 1.861100e+10 1.861098e+10 1.860825e+10 1.860656e+10 1.861144e+10 1.860707e+10 1.860883e+10 1.860908e+10 1.860540e+10 1.861074e+10 1.860733e+10 1.861119e+10 1.861121e+10 1.860630e+10 1.861079e+10 1.861064e+10 1.861109e+10 
1.864443e+10 1.864453e+10 1.864465e+10 1.864469e+10 1.864469e+10 1.864472e+10 1.864483e+10 1.864484e+10 1.864487e+10 1.864488e+10 1.864491e+10 1.864492e+10 1.864493e+10 1.864493e+10 1.864496e+10 1.864497e+10 1.864498e+10 1.864499e+10 1.864500e+10 1.864502e+10 1.864502e+10 1.864502e+10 1.864503e+10 1.864503e+10 1.864503e+10 1.864502e+10 1.864502e+10 1.864502e+10 1.864501e+10 1.864500e+10 1.864497e+10 1.864495e+10 1.864493e+10 1.864481e+10 1.864480e+10 1.864479e+10 1.864478e+10 1.864478e+10 1.864476e+10 1.864473e+10 1.864467e+10 1.864463e+10 1.864458e+10 1.864457e+10 1.864456e+10 1.864091e+10 1.864069e+10 1.864059e+10 1.864045e+10 1.864036e+10 1.864024e+10 1.864020e+10 1.864005e+10 1.863997e+10 1.863978e+10 1.863965e+10 1.863926e+10 1.863925e+10 1.863913e+10 1.863910e+10 1.863908e+10 1.863908e+10 1.863889e+10 1.863873e+10 1.863868e+10 1.863848e+10 1.863842e+10 1.863784e+10 1.863750e+10 1.863702e+10 1.863699e+10 1.863694e+10 1.863642e+10 1.863628e+10 1.863620e+10 1.863592e+10 1.863556e+10 1.863548e+10 1.863529e+10 1.863485e+10 1.863477e+10 1.863466e+10 1.863438e+10 1.863429e+10 1.863406e+10 1.863398e+10 1.863395e+10 1.863388e+10 1.863379e+10 1.863376e+10 1.863346e+10 1.863322e+10 1.863281e+10 1.863256e+10 1.863250e+10 1.863245e+10 1.863202e+10 1.863201e+10 1.863199e+10 1.863190e+10 1.863172e+10 1.860784e+10 1.860819e+10 1.861059e+10 1.860873e+10 1.860364e+10 1.860983e+10 1.861124e+10 1.859874e+10 1.861094e+10 1.860678e+10 1.860481e+10 1.861126e+10 1.860341e+10 1.859906e+10 1.860842e+10 1.861003e+10 1.860319e+10 1.861139e+10 1.859662e+10 1.859685e+10 1.860888e+10 1.860009e+10 1.861152e+10 1.860973e+10 1.859965e+10 1.860646e+10 1.861025e+10 1.860139e+10 1.861065e+10 1.860986e+10 1.861008e+10 1.861120e+10 1.860086e+10 1.860045e+10 1.861108e+10 1.859803e+10 1.861128e+10 1.859883e+10 1.861151e+10 1.859807e+10 1.860061e+10 1.860933e+10 1.861073e+10 1.860362e+10 1.861096e+10 1.860156e+10 1.861028e+10 1.860766e+10 1.861082e+10 1.860510e+10 1.861124e+10 1.859820e+10 1.860152e+10 1.860369e+10 1.861133e+10 1.860080e+10 1.861084e+10 1.860305e+10 1.860252e+10 1.859636e+10 1.861095e+10 1.861152e+10 1.861030e+10 1.860160e+10 1.861074e+10 1.861140e+10 1.859939e+10 1.861154e+10 1.860794e+10 1.860265e+10 1.861147e+10 1.859686e+10 1.861019e+10 1.861154e+10 1.861154e+10 1.860567e+10 1.860072e+10 1.860387e+10 1.861147e+10 1.859686e+10 1.861095e+10 1.861107e+10 1.860625e+10 1.861104e+10 1.861102e+10 1.860841e+10 1.860674e+10 1.861152e+10 1.860724e+10 1.860898e+10 1.860922e+10 1.860559e+10 1.861085e+10 1.860750e+10 1.861129e+10 1.861126e+10 1.860647e+10 1.861082e+10 1.861076e+10 1.861114e+10 
1.864444e+10 1.864454e+10 1.864465e+10 1.864469e+10 1.864470e+10 1.864472e+10 1.864484e+10 1.864485e+10 1.864488e+10 1.864488e+10 1.864492e+10 1.864493e+10 1.864493e+10 1.864494e+10 1.864497e+10 1.864498e+10 1.864499e+10 1.864500e+10 1.864501e+10 1.864503e+10 1.864503e+10 1.864503e+10 1.864504e+10 1.864504e+10 1.864504e+10 1.864503e+10 1.864503e+10 1.864503e+10 1.864502e+10 1.864501e+10 1.864498e+10 1.864497e+10 1.864494e+10 1.864483e+10 1.864482e+10 1.864481e+10 1.864480e+10 1.864479e+10 1.864478e+10 1.864475e+10 1.864468e+10 1.864465e+10 1.864459e+10 1.864459e+10 1.864458e+10 1.864094e+10 1.864072e+10 1.864062e+10 1.864048e+10 1.864039e+10 1.864027e+10 1.864022e+10 1.864008e+10 1.863999e+10 1.863981e+10 1.863968e+10 1.863929e+10 1.863928e+10 1.863916e+10 1.863913e+10 1.863911e+10 1.863911e+10 1.863892e+10 1.863876e+10 1.863871e+10 1.863851e+10 1.863845e+10 1.863787e+10 1.863753e+10 1.863706e+10 1.863702e+10 1.863697e+10 1.863645e+10 1.863632e+10 1.863623e+10 1.863595e+10 1.863559e+10 1.863552e+10 1.863533e+10 1.863489e+10 1.863480e+10 1.863470e+10 1.863442e+10 1.863432e+10 1.863410e+10 1.863401e+10 1.863399e+10 1.863392e+10 1.863383e+10 1.863380e+10 1.863350e+10 1.863326e+10 1.863285e+10 1.863260e+10 1.863254e+10 1.863248e+10 1.863205e+10 1.863205e+10 1.863203e+10 1.863194e+10 1.863176e+10 1.860787e+10 1.860821e+10 1.861061e+10 1.860876e+10 1.860367e+10 1.860986e+10 1.861125e+10 1.859878e+10 1.861095e+10 1.860681e+10 1.860484e+10 1.861127e+10 1.860345e+10 1.859910e+10 1.860844e+10 1.861006e+10 1.860322e+10 1.861141e+10 1.859667e+10 1.859690e+10 1.860891e+10 1.860013e+10 1.861154e+10 1.860975e+10 1.859969e+10 1.860649e+10 1.861027e+10 1.860143e+10 1.861067e+10 1.860988e+10 1.861011e+10 1.861121e+10 1.860089e+10 1.860049e+10 1.861110e+10 1.859807e+10 1.861129e+10 1.859887e+10 1.861152e+10 1.859811e+10 1.860065e+10 1.860935e+10 1.861074e+10 1.860365e+10 1.861098e+10 1.860159e+10 1.861030e+10 1.860768e+10 1.861084e+10 1.860514e+10 1.861126e+10 1.859824e+10 1.860156e+10 1.860372e+10 1.861134e+10 1.860083e+10 1.861086e+10 1.860308e+10 1.860255e+10 1.859640e+10 1.861096e+10 1.861154e+10 1.861032e+10 1.860163e+10 1.861076e+10 1.861141e+10 1.859943e+10 1.861155e+10 1.860797e+10 1.860268e+10 1.861148e+10 1.859690e+10 1.861021e+10 1.861155e+10 1.861155e+10 1.860570e+10 1.860075e+10 1.860390e+10 1.861148e+10 1.859691e+10 1.861095e+10 1.861109e+10 1.860628e+10 1.861105e+10 1.861103e+10 1.860843e+10 1.860677e+10 1.861154e+10 1.860727e+10 1.860901e+10 1.860925e+10 1.860562e+10 1.861087e+10 1.860752e+10 1.861130e+10 1.861127e+10 1.860651e+10 1.861083e+10 1.861078e+10 1.861115e+10 
1.864445e+10 1.864456e+10 1.864468e+10 1.864472e+10 1.864472e+10 1.864475e+10 1.864487e+10 1.864488e+10 1.864491e+10 1.864491e+10 1.864495e+10 1.864496e+10 1.864497e+10 1.864497e+10 1.864501e+10 1.864502e+10 1.864503e+10 1.864504e+10 1.864505e+10 1.864507e+10 1.864507e+10 1.864507e+10 1.864508e+10 1.864508e+10 1.864508e+10 1.864508e+10 1.864507e+10 1.864507e+10 1.864506e+10 1.864506e+10 1.864503e+10 1.864502e+10 1.864499e+10 1.864488e+10 1.864487e+10 1.864487e+10 1.864486e+10 1.864485e+10 1.864483e+10 1.864481e+10 1.864475e+10 1.864471e+10 1.864465e+10 1.864465e+10 1.864464e+10 1.864104e+10 1.864082e+10 1.864073e+10 1.864059e+10 1.864049e+10 1.864038e+10 1.864033e+10 1.864018e+10 1.864010e+10 1.863992e+10 1.863979e+10 1.863941e+10 1.863940e+10 1.863928e+10 1.863925e+10 1.863923e+10 1.863923e+10 1.863904e+10 1.863888e+10 1.863883e+10 1.863863e+10 1.863857e+10 1.863799e+10 1.863766e+10 1.863718e+10 1.863715e+10 1.863710e+10 1.863658e+10 1.863645e+10 1.863636e+10 1.863609e+10 1.863573e+10 1.863566e+10 1.863546e+10 1.863503e+10 1.863494e+10 1.863484e+10 1.863456e+10 1.863447e+10 1.863424e+10 1.863416e+10 1.863413e+10 1.863406e+10 1.863397e+10 1.863394e+10 1.863364e+10 1.863340e+10 1.863300e+10 1.863275e+10 1.863269e+10 1.863263e+10 1.863221e+10 1.863220e+10 1.863218e+10 1.863210e+10 1.863192e+10 1.860797e+10 1.860832e+10 1.861069e+10 1.860886e+10 1.860381e+10 1.860994e+10 1.861128e+10 1.859894e+10 1.861098e+10 1.860693e+10 1.860497e+10 1.861130e+10 1.860358e+10 1.859926e+10 1.860855e+10 1.861014e+10 1.860336e+10 1.861147e+10 1.859683e+10 1.859706e+10 1.860901e+10 1.860028e+10 1.861159e+10 1.860984e+10 1.859984e+10 1.860661e+10 1.861035e+10 1.860157e+10 1.861075e+10 1.860997e+10 1.861019e+10 1.861128e+10 1.860104e+10 1.860064e+10 1.861117e+10 1.859823e+10 1.861136e+10 1.859902e+10 1.861156e+10 1.859827e+10 1.860080e+10 1.860945e+10 1.861076e+10 1.860379e+10 1.861105e+10 1.860174e+10 1.861038e+10 1.860779e+10 1.861091e+10 1.860526e+10 1.861132e+10 1.859840e+10 1.860170e+10 1.860386e+10 1.861141e+10 1.860098e+10 1.861093e+10 1.860322e+10 1.860269e+10 1.859657e+10 1.861099e+10 1.861159e+10 1.861041e+10 1.860178e+10 1.861084e+10 1.861144e+10 1.859958e+10 1.861160e+10 1.860808e+10 1.860282e+10 1.861154e+10 1.859707e+10 1.861029e+10 1.861160e+10 1.861160e+10 1.860582e+10 1.860090e+10 1.860404e+10 1.861154e+10 1.859707e+10 1.861098e+10 1.861116e+10 1.860640e+10 1.861107e+10 1.861106e+10 1.860854e+10 1.860688e+10 1.861159e+10 1.860738e+10 1.860911e+10 1.860934e+10 1.860574e+10 1.861094e+10 1.860763e+10 1.861137e+10 1.861130e+10 1.860662e+10 1.861085e+10 1.861085e+10 1.861118e+10 
1.864454e+10 1.864466e+10 1.864479e+10 1.864483e+10 1.864484e+10 1.864487e+10 1.864501e+10 1.864502e+10 1.864505e+10 1.864506e+10 1.864511e+10 1.864512e+10 1.864513e+10 1.864513e+10 1.864518e+10 1.864519e+10 1.864521e+10 1.864522e+10 1.864524e+10 1.864526e+10 1.864527e+10 1.864527e+10 1.864529e+10 1.864529e+10 1.864530e+10 1.864530e+10 1.864530e+10 1.864530e+10 1.864530e+10 1.864530e+10 1.864528e+10 1.864528e+10 1.864526e+10 1.864517e+10 1.864516e+10 1.864516e+10 1.864515e+10 1.864515e+10 1.864513e+10 1.864511e+10 1.864506e+10 1.864503e+10 1.864498e+10 1.864498e+10 1.864497e+10 1.864159e+10 1.864138e+10 1.864129e+10 1.864115e+10 1.864106e+10 1.864095e+10 1.864091e+10 1.864077e+10 1.864069e+10 1.864051e+10 1.864039e+10 1.864002e+10 1.864001e+10 1.863989e+10 1.863986e+10 1.863985e+10 1.863984e+10 1.863966e+10 1.863950e+10 1.863946e+10 1.863927e+10 1.863921e+10 1.863865e+10 1.863832e+10 1.863787e+10 1.863783e+10 1.863778e+10 1.863728e+10 1.863715e+10 1.863707e+10 1.863680e+10 1.863645e+10 1.863638e+10 1.863619e+10 1.863577e+10 1.863568e+10 1.863558e+10 1.863531e+10 1.863522e+10 1.863500e+10 1.863492e+10 1.863489e+10 1.863483e+10 1.863474e+10 1.863471e+10 1.863442e+10 1.863418e+10 1.863379e+10 1.863354e+10 1.863349e+10 1.863343e+10 1.863302e+10 1.863301e+10 1.863299e+10 1.863291e+10 1.863273e+10 1.860855e+10 1.860888e+10 1.861110e+10 1.860939e+10 1.860452e+10 1.861041e+10 1.861144e+10 1.859979e+10 1.861110e+10 1.860754e+10 1.860566e+10 1.861147e+10 1.860431e+10 1.860009e+10 1.860909e+10 1.861060e+10 1.860409e+10 1.861179e+10 1.859773e+10 1.859795e+10 1.860953e+10 1.860109e+10 1.861187e+10 1.861032e+10 1.860067e+10 1.860723e+10 1.861080e+10 1.860235e+10 1.861116e+10 1.861044e+10 1.861065e+10 1.861163e+10 1.860184e+10 1.860145e+10 1.861153e+10 1.859910e+10 1.861170e+10 1.859987e+10 1.861178e+10 1.859913e+10 1.860160e+10 1.860995e+10 1.861086e+10 1.860451e+10 1.861143e+10 1.860252e+10 1.861082e+10 1.860837e+10 1.861131e+10 1.860594e+10 1.861167e+10 1.859926e+10 1.860248e+10 1.860457e+10 1.861174e+10 1.860178e+10 1.861132e+10 1.860396e+10 1.860344e+10 1.859747e+10 1.861111e+10 1.861187e+10 1.861084e+10 1.860256e+10 1.861124e+10 1.861163e+10 1.860041e+10 1.861183e+10 1.860864e+10 1.860357e+10 1.861184e+10 1.859796e+10 1.861074e+10 1.861187e+10 1.861184e+10 1.860648e+10 1.860170e+10 1.860475e+10 1.861184e+10 1.859796e+10 1.861110e+10 1.861153e+10 1.860703e+10 1.861121e+10 1.861119e+10 1.860908e+10 1.860750e+10 1.861187e+10 1.860798e+10 1.860962e+10 1.860985e+10 1.860640e+10 1.861133e+10 1.860822e+10 1.861171e+10 1.861147e+10 1.860725e+10 1.861096e+10 1.861125e+10 1.861133e+10 
1.864455e+10 1.864467e+10 1.864480e+10 1.864484e+10 1.864485e+10 1.864488e+10 1.864502e+10 1.864504e+10 1.864507e+10 1.864508e+10 1.864513e+10 1.864514e+10 1.864514e+10 1.864515e+10 1.864519e+10 1.864521e+10 1.864522e+10 1.864524e+10 1.864526e+10 1.864528e+10 1.864528e+10 1.864529e+10 1.864531e+10 1.864531e+10 1.864532e+10 1.864533e+10 1.864533e+10 1.864533e+10 1.864533e+10 1.864532e+10 1.864531e+10 1.864530e+10 1.864528e+10 1.864520e+10 1.864519e+10 1.864519e+10 1.864518e+10 1.864518e+10 1.864516e+10 1.864514e+10 1.864509e+10 1.864506e+10 1.864501e+10 1.864501e+10 1.864500e+10 1.864164e+10 1.864144e+10 1.864135e+10 1.864121e+10 1.864112e+10 1.864101e+10 1.864097e+10 1.864083e+10 1.864075e+10 1.864057e+10 1.864045e+10 1.864008e+10 1.864007e+10 1.863995e+10 1.863992e+10 1.863991e+10 1.863991e+10 1.863973e+10 1.863957e+10 1.863953e+10 1.863933e+10 1.863928e+10 1.863871e+10 1.863839e+10 1.863793e+10 1.863790e+10 1.863785e+10 1.863735e+10 1.863722e+10 1.863714e+10 1.863687e+10 1.863652e+10 1.863645e+10 1.863627e+10 1.863584e+10 1.863576e+10 1.863566e+10 1.863539e+10 1.863530e+10 1.863508e+10 1.863500e+10 1.863497e+10 1.863490e+10 1.863482e+10 1.863479e+10 1.863450e+10 1.863426e+10 1.863387e+10 1.863362e+10 1.863357e+10 1.863351e+10 1.863310e+10 1.863309e+10 1.863307e+10 1.863299e+10 1.863281e+10 1.860860e+10 1.860893e+10 1.861114e+10 1.860945e+10 1.860460e+10 1.861046e+10 1.861145e+10 1.859987e+10 1.861111e+10 1.860761e+10 1.860573e+10 1.861148e+10 1.860438e+10 1.860018e+10 1.860915e+10 1.861065e+10 1.860417e+10 1.861182e+10 1.859782e+10 1.859804e+10 1.860959e+10 1.860118e+10 1.861190e+10 1.861037e+10 1.860075e+10 1.860730e+10 1.861084e+10 1.860243e+10 1.861120e+10 1.861048e+10 1.861069e+10 1.861167e+10 1.860192e+10 1.860153e+10 1.861157e+10 1.859918e+10 1.861173e+10 1.859995e+10 1.861181e+10 1.859922e+10 1.860168e+10 1.861000e+10 1.861087e+10 1.860458e+10 1.861147e+10 1.860260e+10 1.861087e+10 1.860843e+10 1.861135e+10 1.860600e+10 1.861170e+10 1.859934e+10 1.860256e+10 1.860465e+10 1.861177e+10 1.860186e+10 1.861136e+10 1.860403e+10 1.860352e+10 1.859756e+10 1.861112e+10 1.861190e+10 1.861089e+10 1.860264e+10 1.861128e+10 1.861165e+10 1.860050e+10 1.861186e+10 1.860870e+10 1.860365e+10 1.861187e+10 1.859805e+10 1.861078e+10 1.861190e+10 1.861186e+10 1.860654e+10 1.860178e+10 1.860482e+10 1.861187e+10 1.859805e+10 1.861112e+10 1.861156e+10 1.860710e+10 1.861122e+10 1.861120e+10 1.860914e+10 1.860756e+10 1.861190e+10 1.860804e+10 1.860968e+10 1.860990e+10 1.860647e+10 1.861137e+10 1.860828e+10 1.861174e+10 1.861148e+10 1.860731e+10 1.861097e+10 1.861129e+10 1.861134e+10 
1.864456e+10 1.864468e+10 1.864482e+10 1.864487e+10 1.864488e+10 1.864491e+10 1.864505e+10 1.864507e+10 1.864510e+10 1.864511e+10 1.864516e+10 1.864517e+10 1.864518e+10 1.864518e+10 1.864523e+10 1.864525e+10 1.864526e+10 1.864528e+10 1.864530e+10 1.864533e+10 1.864533e+10 1.864534e+10 1.864536e+10 1.864536e+10 1.864537e+10 1.864538e+10 1.864538e+10 1.864538e+10 1.864538e+10 1.864538e+10 1.864537e+10 1.864536e+10 1.864535e+10 1.864527e+10 1.864526e+10 1.864526e+10 1.864525e+10 1.864524e+10 1.864523e+10 1.864521e+10 1.864516e+10 1.864513e+10 1.864509e+10 1.864508e+10 1.864508e+10 1.864177e+10 1.864157e+10 1.864148e+10 1.864135e+10 1.864126e+10 1.864115e+10 1.864111e+10 1.864097e+10 1.864089e+10 1.864071e+10 1.864059e+10 1.864023e+10 1.864022e+10 1.864010e+10 1.864007e+10 1.864006e+10 1.864005e+10 1.863988e+10 1.863972e+10 1.863968e+10 1.863949e+10 1.863943e+10 1.863887e+10 1.863855e+10 1.863810e+10 1.863807e+10 1.863802e+10 1.863752e+10 1.863739e+10 1.863731e+10 1.863704e+10 1.863670e+10 1.863663e+10 1.863644e+10 1.863602e+10 1.863594e+10 1.863584e+10 1.863557e+10 1.863548e+10 1.863526e+10 1.863518e+10 1.863516e+10 1.863509e+10 1.863500e+10 1.863497e+10 1.863468e+10 1.863445e+10 1.863406e+10 1.863382e+10 1.863376e+10 1.863371e+10 1.863329e+10 1.863329e+10 1.863327e+10 1.863319e+10 1.863301e+10 1.860874e+10 1.860907e+10 1.861124e+10 1.860957e+10 1.860477e+10 1.861057e+10 1.861149e+10 1.860008e+10 1.861114e+10 1.860775e+10 1.860589e+10 1.861152e+10 1.860456e+10 1.860038e+10 1.860928e+10 1.861075e+10 1.860434e+10 1.861189e+10 1.859803e+10 1.859826e+10 1.860971e+10 1.860137e+10 1.861196e+10 1.861048e+10 1.860095e+10 1.860745e+10 1.861094e+10 1.860262e+10 1.861130e+10 1.861059e+10 1.861080e+10 1.861175e+10 1.860211e+10 1.860172e+10 1.861166e+10 1.859939e+10 1.861181e+10 1.860016e+10 1.861185e+10 1.859943e+10 1.860187e+10 1.861012e+10 1.861089e+10 1.860475e+10 1.861156e+10 1.860278e+10 1.861097e+10 1.860857e+10 1.861144e+10 1.860617e+10 1.861178e+10 1.859955e+10 1.860275e+10 1.860482e+10 1.861185e+10 1.860205e+10 1.861146e+10 1.860421e+10 1.860370e+10 1.859778e+10 1.861115e+10 1.861196e+10 1.861099e+10 1.860282e+10 1.861137e+10 1.861169e+10 1.860070e+10 1.861191e+10 1.860884e+10 1.860383e+10 1.861194e+10 1.859826e+10 1.861089e+10 1.861196e+10 1.861192e+10 1.860670e+10 1.860198e+10 1.860499e+10 1.861194e+10 1.859827e+10 1.861114e+10 1.861165e+10 1.860725e+10 1.861125e+10 1.861123e+10 1.860927e+10 1.860771e+10 1.861196e+10 1.860818e+10 1.860980e+10 1.861002e+10 1.860662e+10 1.861147e+10 1.860842e+10 1.861182e+10 1.861152e+10 1.860746e+10 1.861100e+10 1.861139e+10 1.861137e+10 
1.864457e+10 1.864469e+10 1.864483e+10 1.864488e+10 1.864488e+10 1.864491e+10 1.864506e+10 1.864508e+10 1.864511e+10 1.864512e+10 1.864517e+10 1.864519e+10 1.864519e+10 1.864520e+10 1.864524e+10 1.864526e+10 1.864528e+10 1.864529e+10 1.864531e+10 1.864534e+10 1.864534e+10 1.864535e+10 1.864537e+10 1.864538e+10 1.864539e+10 1.864540e+10 1.864540e+10 1.864540e+10 1.864540e+10 1.864540e+10 1.864539e+10 1.864538e+10 1.864537e+10 1.864529e+10 1.864528e+10 1.864528e+10 1.864527e+10 1.864527e+10 1.864526e+10 1.864523e+10 1.864519e+10 1.864516e+10 1.864511e+10 1.864511e+10 1.864510e+10 1.864182e+10 1.864162e+10 1.864153e+10 1.864139e+10 1.864131e+10 1.864119e+10 1.864115e+10 1.864101e+10 1.864094e+10 1.864076e+10 1.864064e+10 1.864028e+10 1.864027e+10 1.864015e+10 1.864012e+10 1.864011e+10 1.864011e+10 1.863993e+10 1.863977e+10 1.863973e+10 1.863954e+10 1.863948e+10 1.863893e+10 1.863861e+10 1.863816e+10 1.863812e+10 1.863807e+10 1.863758e+10 1.863745e+10 1.863737e+10 1.863710e+10 1.863676e+10 1.863669e+10 1.863650e+10 1.863608e+10 1.863600e+10 1.863590e+10 1.863563e+10 1.863554e+10 1.863533e+10 1.863525e+10 1.863522e+10 1.863515e+10 1.863507e+10 1.863504e+10 1.863475e+10 1.863452e+10 1.863413e+10 1.863388e+10 1.863383e+10 1.863377e+10 1.863336e+10 1.863336e+10 1.863333e+10 1.863325e+10 1.863308e+10 1.860879e+10 1.860911e+10 1.861128e+10 1.860962e+10 1.860483e+10 1.861061e+10 1.861150e+10 1.860015e+10 1.861114e+10 1.860780e+10 1.860595e+10 1.861153e+10 1.860462e+10 1.860045e+10 1.860932e+10 1.861079e+10 1.860440e+10 1.861192e+10 1.859811e+10 1.859833e+10 1.860975e+10 1.860144e+10 1.861198e+10 1.861052e+10 1.860102e+10 1.860750e+10 1.861098e+10 1.860269e+10 1.861133e+10 1.861063e+10 1.861084e+10 1.861178e+10 1.860218e+10 1.860179e+10 1.861168e+10 1.859947e+10 1.861184e+10 1.860023e+10 1.861187e+10 1.859950e+10 1.860194e+10 1.861016e+10 1.861090e+10 1.860481e+10 1.861159e+10 1.860285e+10 1.861101e+10 1.860862e+10 1.861147e+10 1.860622e+10 1.861181e+10 1.859962e+10 1.860281e+10 1.860488e+10 1.861187e+10 1.860212e+10 1.861149e+10 1.860427e+10 1.860376e+10 1.859786e+10 1.861116e+10 1.861198e+10 1.861103e+10 1.860289e+10 1.861141e+10 1.861170e+10 1.860077e+10 1.861193e+10 1.860888e+10 1.860389e+10 1.861196e+10 1.859834e+10 1.861093e+10 1.861198e+10 1.861193e+10 1.860675e+10 1.860204e+10 1.860505e+10 1.861196e+10 1.859834e+10 1.861115e+10 1.861168e+10 1.860730e+10 1.861126e+10 1.861124e+10 1.860931e+10 1.860776e+10 1.861198e+10 1.860823e+10 1.860984e+10 1.861006e+10 1.860668e+10 1.861150e+10 1.860847e+10 1.861185e+10 1.861153e+10 1.860751e+10 1.861100e+10 1.861142e+10 1.861138e+10 
1.864459e+10 1.864472e+10 1.864487e+10 1.864491e+10 1.864492e+10 1.864495e+10 1.864511e+10 1.864513e+10 1.864516e+10 1.864517e+10 1.864523e+10 1.864524e+10 1.864525e+10 1.864525e+10 1.864531e+10 1.864532e+10 1.864534e+10 1.864536e+10 1.864538e+10 1.864542e+10 1.864542e+10 1.864543e+10 1.864545e+10 1.864546e+10 1.864547e+10 1.864549e+10 1.864549e+10 1.864549e+10 1.864549e+10 1.864549e+10 1.864549e+10 1.864548e+10 1.864547e+10 1.864541e+10 1.864540e+10 1.864540e+10 1.864539e+10 1.864539e+10 1.864538e+10 1.864536e+10 1.864531e+10 1.864529e+10 1.864525e+10 1.864524e+10 1.864524e+10 1.864206e+10 1.864186e+10 1.864177e+10 1.864164e+10 1.864155e+10 1.864144e+10 1.864140e+10 1.864126e+10 1.864119e+10 1.864102e+10 1.864090e+10 1.864054e+10 1.864053e+10 1.864042e+10 1.864039e+10 1.864037e+10 1.864037e+10 1.864020e+10 1.864004e+10 1.864000e+10 1.863982e+10 1.863976e+10 1.863921e+10 1.863890e+10 1.863845e+10 1.863842e+10 1.863837e+10 1.863788e+10 1.863775e+10 1.863767e+10 1.863741e+10 1.863707e+10 1.863700e+10 1.863682e+10 1.863640e+10 1.863632e+10 1.863622e+10 1.863596e+10 1.863587e+10 1.863566e+10 1.863558e+10 1.863555e+10 1.863549e+10 1.863540e+10 1.863537e+10 1.863509e+10 1.863486e+10 1.863448e+10 1.863423e+10 1.863418e+10 1.863412e+10 1.863372e+10 1.863371e+10 1.863369e+10 1.863361e+10 1.863344e+10 1.860903e+10 1.860935e+10 1.861145e+10 1.860984e+10 1.860514e+10 1.861081e+10 1.861156e+10 1.860052e+10 1.861118e+10 1.860807e+10 1.860624e+10 1.861159e+10 1.860493e+10 1.860082e+10 1.860956e+10 1.861098e+10 1.860472e+10 1.861205e+10 1.859850e+10 1.859872e+10 1.860998e+10 1.860180e+10 1.861210e+10 1.861072e+10 1.860138e+10 1.860777e+10 1.861117e+10 1.860303e+10 1.861150e+10 1.861083e+10 1.861103e+10 1.861192e+10 1.860252e+10 1.860214e+10 1.861184e+10 1.859984e+10 1.861198e+10 1.860060e+10 1.861196e+10 1.859988e+10 1.860229e+10 1.861037e+10 1.861093e+10 1.860512e+10 1.861175e+10 1.860319e+10 1.861119e+10 1.860887e+10 1.861163e+10 1.860651e+10 1.861195e+10 1.860000e+10 1.860315e+10 1.860519e+10 1.861201e+10 1.860247e+10 1.861165e+10 1.860459e+10 1.860409e+10 1.859825e+10 1.861120e+10 1.861210e+10 1.861121e+10 1.860322e+10 1.861157e+10 1.861177e+10 1.860113e+10 1.861202e+10 1.860913e+10 1.860421e+10 1.861208e+10 1.859873e+10 1.861111e+10 1.861209e+10 1.861203e+10 1.860704e+10 1.860239e+10 1.860536e+10 1.861208e+10 1.859873e+10 1.861119e+10 1.861183e+10 1.860757e+10 1.861130e+10 1.861128e+10 1.860955e+10 1.860802e+10 1.861210e+10 1.860849e+10 1.861006e+10 1.861028e+10 1.860696e+10 1.861166e+10 1.860872e+10 1.861198e+10 1.861159e+10 1.860778e+10 1.861104e+10 1.861159e+10 1.861143e+10 
1.864460e+10 1.864473e+10 1.864487e+10 1.864492e+10 1.864493e+10 1.864496e+10 1.864512e+10 1.864514e+10 1.864517e+10 1.864519e+10 1.864524e+10 1.864526e+10 1.864526e+10 1.864527e+10 1.864533e+10 1.864534e+10 1.864536e+10 1.864538e+10 1.864540e+10 1.864544e+10 1.864544e+10 1.864545e+10 1.864547e+10 1.864548e+10 1.864550e+10 1.864551e+10 1.864551e+10 1.864551e+10 1.864552e+10 1.864552e+10 1.864552e+10 1.864551e+10 1.864550e+10 1.864544e+10 1.864543e+10 1.864543e+10 1.864542e+10 1.864542e+10 1.864541e+10 1.864539e+10 1.864535e+10 1.864532e+10 1.864528e+10 1.864528e+10 1.864527e+10 1.864212e+10 1.864192e+10 1.864183e+10 1.864171e+10 1.864162e+10 1.864151e+10 1.864147e+10 1.864133e+10 1.864126e+10 1.864109e+10 1.864097e+10 1.864061e+10 1.864060e+10 1.864049e+10 1.864046e+10 1.864045e+10 1.864045e+10 1.864027e+10 1.864012e+10 1.864008e+10 1.863989e+10 1.863984e+10 1.863929e+10 1.863898e+10 1.863853e+10 1.863850e+10 1.863845e+10 1.863797e+10 1.863784e+10 1.863776e+10 1.863750e+10 1.863716e+10 1.863709e+10 1.863691e+10 1.863649e+10 1.863641e+10 1.863632e+10 1.863605e+10 1.863596e+10 1.863575e+10 1.863567e+10 1.863565e+10 1.863558e+10 1.863549e+10 1.863547e+10 1.863518e+10 1.863495e+10 1.863457e+10 1.863433e+10 1.863428e+10 1.863422e+10 1.863382e+10 1.863381e+10 1.863379e+10 1.863371e+10 1.863354e+10 1.860910e+10 1.860942e+10 1.861150e+10 1.860990e+10 1.860523e+10 1.861087e+10 1.861157e+10 1.860062e+10 1.861119e+10 1.860814e+10 1.860632e+10 1.861161e+10 1.860502e+10 1.860092e+10 1.860962e+10 1.861104e+10 1.860481e+10 1.861208e+10 1.859861e+10 1.859883e+10 1.861004e+10 1.860190e+10 1.861213e+10 1.861077e+10 1.860148e+10 1.860784e+10 1.861122e+10 1.860312e+10 1.861155e+10 1.861088e+10 1.861108e+10 1.861196e+10 1.860262e+10 1.860224e+10 1.861188e+10 1.859995e+10 1.861201e+10 1.860070e+10 1.861198e+10 1.859998e+10 1.860239e+10 1.861043e+10 1.861094e+10 1.860521e+10 1.861179e+10 1.860328e+10 1.861124e+10 1.860894e+10 1.861168e+10 1.860659e+10 1.861199e+10 1.860010e+10 1.860325e+10 1.860528e+10 1.861205e+10 1.860256e+10 1.861170e+10 1.860468e+10 1.860418e+10 1.859836e+10 1.861121e+10 1.861213e+10 1.861126e+10 1.860332e+10 1.861162e+10 1.861179e+10 1.860123e+10 1.861205e+10 1.860919e+10 1.860430e+10 1.861212e+10 1.859884e+10 1.861117e+10 1.861212e+10 1.861205e+10 1.860712e+10 1.860249e+10 1.860545e+10 1.861212e+10 1.859884e+10 1.861120e+10 1.861187e+10 1.860765e+10 1.861131e+10 1.861130e+10 1.860961e+10 1.860810e+10 1.861213e+10 1.860856e+10 1.861012e+10 1.861034e+10 1.860704e+10 1.861170e+10 1.860879e+10 1.861202e+10 1.861160e+10 1.860786e+10 1.861105e+10 1.861163e+10 1.861144e+10 
1.864460e+10 1.864473e+10 1.864488e+10 1.864493e+10 1.864493e+10 1.864497e+10 1.864513e+10 1.864514e+10 1.864518e+10 1.864519e+10 1.864525e+10 1.864526e+10 1.864527e+10 1.864527e+10 1.864533e+10 1.864534e+10 1.864537e+10 1.864538e+10 1.864541e+10 1.864544e+10 1.864544e+10 1.864546e+10 1.864548e+10 1.864548e+10 1.864550e+10 1.864552e+10 1.864552e+10 1.864552e+10 1.864552e+10 1.864552e+10 1.864552e+10 1.864552e+10 1.864551e+10 1.864545e+10 1.864544e+10 1.864544e+10 1.864543e+10 1.864543e+10 1.864542e+10 1.864540e+10 1.864536e+10 1.864533e+10 1.864529e+10 1.864529e+10 1.864528e+10 1.864214e+10 1.864194e+10 1.864185e+10 1.864172e+10 1.864163e+10 1.864153e+10 1.864149e+10 1.864135e+10 1.864127e+10 1.864110e+10 1.864098e+10 1.864063e+10 1.864062e+10 1.864051e+10 1.864048e+10 1.864046e+10 1.864046e+10 1.864029e+10 1.864014e+10 1.864009e+10 1.863991e+10 1.863985e+10 1.863931e+10 1.863900e+10 1.863855e+10 1.863852e+10 1.863847e+10 1.863799e+10 1.863786e+10 1.863778e+10 1.863752e+10 1.863718e+10 1.863711e+10 1.863693e+10 1.863651e+10 1.863643e+10 1.863634e+10 1.863607e+10 1.863598e+10 1.863577e+10 1.863569e+10 1.863567e+10 1.863560e+10 1.863551e+10 1.863549e+10 1.863520e+10 1.863497e+10 1.863459e+10 1.863435e+10 1.863430e+10 1.863424e+10 1.863384e+10 1.863383e+10 1.863381e+10 1.863373e+10 1.863356e+10 1.860912e+10 1.860943e+10 1.861151e+10 1.860992e+10 1.860525e+10 1.861088e+10 1.861157e+10 1.860064e+10 1.861120e+10 1.860816e+10 1.860634e+10 1.861161e+10 1.860504e+10 1.860094e+10 1.860964e+10 1.861105e+10 1.860483e+10 1.861209e+10 1.859863e+10 1.859885e+10 1.861005e+10 1.860192e+10 1.861213e+10 1.861079e+10 1.860150e+10 1.860786e+10 1.861123e+10 1.860314e+10 1.861156e+10 1.861090e+10 1.861109e+10 1.861197e+10 1.860264e+10 1.860226e+10 1.861189e+10 1.859997e+10 1.861202e+10 1.860072e+10 1.861198e+10 1.860000e+10 1.860241e+10 1.861044e+10 1.861094e+10 1.860523e+10 1.861180e+10 1.860330e+10 1.861125e+10 1.860895e+10 1.861169e+10 1.860661e+10 1.861200e+10 1.860013e+10 1.860327e+10 1.860530e+10 1.861205e+10 1.860259e+10 1.861171e+10 1.860470e+10 1.860420e+10 1.859838e+10 1.861121e+10 1.861213e+10 1.861127e+10 1.860334e+10 1.861163e+10 1.861180e+10 1.860125e+10 1.861205e+10 1.860921e+10 1.860432e+10 1.861212e+10 1.859886e+10 1.861118e+10 1.861213e+10 1.861206e+10 1.860713e+10 1.860251e+10 1.860546e+10 1.861212e+10 1.859886e+10 1.861120e+10 1.861188e+10 1.860767e+10 1.861132e+10 1.861130e+10 1.860963e+10 1.860811e+10 1.861213e+10 1.860857e+10 1.861014e+10 1.861035e+10 1.860706e+10 1.861171e+10 1.860881e+10 1.861203e+10 1.861161e+10 1.860788e+10 1.861105e+10 1.861164e+10 1.861145e+10 
1.864460e+10 1.864473e+10 1.864488e+10 1.864493e+10 1.864494e+10 1.864497e+10 1.864513e+10 1.864515e+10 1.864518e+10 1.864520e+10 1.864525e+10 1.864527e+10 1.864527e+10 1.864528e+10 1.864534e+10 1.864535e+10 1.864537e+10 1.864539e+10 1.864541e+10 1.864545e+10 1.864545e+10 1.864547e+10 1.864549e+10 1.864549e+10 1.864551e+10 1.864553e+10 1.864553e+10 1.864553e+10 1.864554e+10 1.864554e+10 1.864554e+10 1.864553e+10 1.864552e+10 1.864547e+10 1.864546e+10 1.864545e+10 1.864545e+10 1.864544e+10 1.864543e+10 1.864542e+10 1.864537e+10 1.864535e+10 1.864531e+10 1.864531e+10 1.864530e+10 1.864217e+10 1.864197e+10 1.864188e+10 1.864175e+10 1.864167e+10 1.864156e+10 1.864152e+10 1.864138e+10 1.864131e+10 1.864114e+10 1.864102e+10 1.864067e+10 1.864066e+10 1.864054e+10 1.864052e+10 1.864050e+10 1.864050e+10 1.864033e+10 1.864017e+10 1.864013e+10 1.863995e+10 1.863989e+10 1.863935e+10 1.863904e+10 1.863859e+10 1.863856e+10 1.863851e+10 1.863803e+10 1.863790e+10 1.863782e+10 1.863756e+10 1.863722e+10 1.863715e+10 1.863697e+10 1.863656e+10 1.863648e+10 1.863638e+10 1.863612e+10 1.863603e+10 1.863582e+10 1.863574e+10 1.863572e+10 1.863565e+10 1.863556e+10 1.863554e+10 1.863525e+10 1.863502e+10 1.863464e+10 1.863440e+10 1.863435e+10 1.863429e+10 1.863389e+10 1.863388e+10 1.863386e+10 1.863378e+10 1.863361e+10 1.860915e+10 1.860946e+10 1.861153e+10 1.860995e+10 1.860529e+10 1.861090e+10 1.861158e+10 1.860070e+10 1.861120e+10 1.860820e+10 1.860638e+10 1.861162e+10 1.860508e+10 1.860100e+10 1.860967e+10 1.861108e+10 1.860487e+10 1.861211e+10 1.859869e+10 1.859891e+10 1.861008e+10 1.860197e+10 1.861215e+10 1.861081e+10 1.860155e+10 1.860790e+10 1.861125e+10 1.860319e+10 1.861158e+10 1.861092e+10 1.861112e+10 1.861199e+10 1.860269e+10 1.860231e+10 1.861191e+10 1.860002e+10 1.861204e+10 1.860078e+10 1.861199e+10 1.860006e+10 1.860246e+10 1.861047e+10 1.861094e+10 1.860527e+10 1.861182e+10 1.860335e+10 1.861128e+10 1.860899e+10 1.861171e+10 1.860665e+10 1.861202e+10 1.860018e+10 1.860331e+10 1.860534e+10 1.861207e+10 1.860263e+10 1.861173e+10 1.860474e+10 1.860425e+10 1.859844e+10 1.861122e+10 1.861215e+10 1.861130e+10 1.860339e+10 1.861165e+10 1.861181e+10 1.860131e+10 1.861206e+10 1.860924e+10 1.860437e+10 1.861214e+10 1.859891e+10 1.861120e+10 1.861214e+10 1.861207e+10 1.860717e+10 1.860256e+10 1.860551e+10 1.861214e+10 1.859892e+10 1.861121e+10 1.861190e+10 1.860770e+10 1.861132e+10 1.861130e+10 1.860966e+10 1.860815e+10 1.861215e+10 1.860861e+10 1.861017e+10 1.861038e+10 1.860710e+10 1.861174e+10 1.860884e+10 1.861205e+10 1.861161e+10 1.860791e+10 1.861105e+10 1.861167e+10 1.861145e+10 
1.864462e+10 1.864476e+10 1.864491e+10 1.864496e+10 1.864497e+10 1.864501e+10 1.864518e+10 1.864519e+10 1.864523e+10 1.864524e+10 1.864531e+10 1.864533e+10 1.864533e+10 1.864534e+10 1.864540e+10 1.864542e+10 1.864544e+10 1.864546e+10 1.864548e+10 1.864552e+10 1.864553e+10 1.864554e+10 1.864557e+10 1.864557e+10 1.864560e+10 1.864562e+10 1.864562e+10 1.864562e+10 1.864563e+10 1.864563e+10 1.864564e+10 1.864564e+10 1.864563e+10 1.864559e+10 1.864558e+10 1.864558e+10 1.864557e+10 1.864557e+10 1.864556e+10 1.864554e+10 1.864551e+10 1.864548e+10 1.864545e+10 1.864544e+10 1.864544e+10 1.864242e+10 1.864223e+10 1.864214e+10 1.864201e+10 1.864193e+10 1.864182e+10 1.864179e+10 1.864165e+10 1.864158e+10 1.864141e+10 1.864129e+10 1.864095e+10 1.864094e+10 1.864083e+10 1.864080e+10 1.864079e+10 1.864079e+10 1.864061e+10 1.864046e+10 1.864042e+10 1.864024e+10 1.864019e+10 1.863965e+10 1.863935e+10 1.863891e+10 1.863888e+10 1.863883e+10 1.863835e+10 1.863823e+10 1.863815e+10 1.863789e+10 1.863756e+10 1.863749e+10 1.863732e+10 1.863691e+10 1.863683e+10 1.863673e+10 1.863647e+10 1.863639e+10 1.863618e+10 1.863610e+10 1.863607e+10 1.863601e+10 1.863592e+10 1.863590e+10 1.863562e+10 1.863539e+10 1.863501e+10 1.863477e+10 1.863472e+10 1.863467e+10 1.863427e+10 1.863426e+10 1.863424e+10 1.863416e+10 1.863400e+10 1.860941e+10 1.860972e+10 1.861171e+10 1.861019e+10 1.860563e+10 1.861111e+10 1.861163e+10 1.860110e+10 1.861124e+10 1.860848e+10 1.860670e+10 1.861167e+10 1.860542e+10 1.860139e+10 1.860992e+10 1.861128e+10 1.860522e+10 1.861224e+10 1.859911e+10 1.859933e+10 1.861032e+10 1.860235e+10 1.861226e+10 1.861103e+10 1.860194e+10 1.860819e+10 1.861145e+10 1.860356e+10 1.861176e+10 1.861113e+10 1.861132e+10 1.861214e+10 1.860306e+10 1.860269e+10 1.861206e+10 1.860043e+10 1.861218e+10 1.860117e+10 1.861208e+10 1.860046e+10 1.860283e+10 1.861069e+10 1.861097e+10 1.860561e+10 1.861199e+10 1.860371e+10 1.861147e+10 1.860925e+10 1.861188e+10 1.860697e+10 1.861217e+10 1.860058e+10 1.860368e+10 1.860567e+10 1.861221e+10 1.860301e+10 1.861190e+10 1.860509e+10 1.860460e+10 1.859886e+10 1.861125e+10 1.861226e+10 1.861149e+10 1.860375e+10 1.861183e+10 1.861187e+10 1.860170e+10 1.861215e+10 1.860950e+10 1.860472e+10 1.861226e+10 1.859933e+10 1.861140e+10 1.861225e+10 1.861216e+10 1.860747e+10 1.860293e+10 1.860584e+10 1.861226e+10 1.859934e+10 1.861124e+10 1.861206e+10 1.860800e+10 1.861136e+10 1.861134e+10 1.860991e+10 1.860843e+10 1.861226e+10 1.860888e+10 1.861040e+10 1.861061e+10 1.860740e+10 1.861191e+10 1.860911e+10 1.861219e+10 1.861167e+10 1.860820e+10 1.861108e+10 1.861184e+10 1.861150e+10 
