4.667853e+10 4.668695e+10 4.668769e+10 4.669085e+10 4.669533e+10 4.669603e+10 4.669604e+10 4.669632e+10 4.669635e+10 4.669759e+10 4.669881e+10 4.669893e+10 4.670129e+10 4.670144e+10 4.670208e+10 4.670219e+10 4.670225e+10 4.670226e+10 4.670221e+10 4.670194e+10 4.670186e+10 4.670140e+10 4.670124e+10 4.669898e+10 4.669831e+10 4.669828e+10 4.669693e+10 4.669560e+10 4.669178e+10 4.669112e+10 4.668893e+10 4.668650e+10 4.668586e+10 4.668493e+10 4.668366e+10 4.667812e+10 4.667736e+10 4.667611e+10 4.666616e+10 4.666229e+10 4.664223e+10 4.663998e+10 4.663990e+10 4.663681e+10 4.662179e+10 4.646303e+10 4.644192e+10 4.644109e+10 4.642344e+10 4.641889e+10 4.641806e+10 4.641408e+10 4.641158e+10 4.640226e+10 4.639780e+10 4.638681e+10 4.637301e+10 4.637103e+10 4.632390e+10 4.631656e+10 4.630690e+10 4.629847e+10 4.627440e+10 4.625150e+10 4.624689e+10 4.624196e+10 4.624160e+10 4.623713e+10 4.623158e+10 4.622444e+10 4.622255e+10 4.620335e+10 4.619310e+10 4.617638e+10 4.616652e+10 4.615774e+10 4.615095e+10 4.615080e+10 4.608892e+10 4.607258e+10 4.607031e+10 4.605087e+10 4.604937e+10 4.602521e+10 4.600721e+10 4.598608e+10 4.592181e+10 4.589939e+10 4.589821e+10 4.589716e+10 4.589649e+10 4.589435e+10 4.588591e+10 4.586849e+10 4.586135e+10 4.583293e+10 4.582802e+10 4.580611e+10 4.580149e+10 4.577333e+10 4.574369e+10 5.219524e+10 5.078508e+10 5.144492e+10 5.212259e+10 5.186919e+10 5.196148e+10 5.218822e+10 5.135434e+10 5.169845e+10 5.142499e+10 5.148309e+10 5.220699e+10 5.160594e+10 5.146578e+10 5.209737e+10 5.219682e+10 5.181466e+10 5.216708e+10 5.206475e+10 5.212841e+10 5.216269e+10 5.218362e+10 5.213457e+10 5.165320e+10 5.192133e+10 5.113068e+10 5.220414e+10 5.087690e+10 5.220669e+10 5.177528e+10 5.207793e+10 5.205808e+10 5.136737e+10 5.187374e+10 5.199407e+10 5.218748e+10 5.213054e+10 5.216101e+10 5.205405e+10 5.218289e+10 5.160718e+10 5.209148e+10 5.219624e+10 5.220717e+10 5.167194e+10 5.213515e+10 5.220319e+10 5.167545e+10 5.121079e+10 5.220678e+10 5.211117e+10 5.219011e+10 5.220601e+10 5.217225e+10 5.219172e+10 5.174047e+10 5.109206e+10 5.153597e+10 5.116643e+10 5.123923e+10 5.218949e+10 5.212037e+10 5.220037e+10 5.162962e+10 5.217931e+10 5.196607e+10 5.220010e+10 5.123330e+10 5.177003e+10 5.215714e+10 5.087489e+10 5.220565e+10 5.219808e+10 5.173755e+10 5.086416e+10 5.220702e+10 5.208496e+10 5.216063e+10 5.220690e+10 5.207062e+10 5.213432e+10 5.119535e+10 5.135520e+10 5.172610e+10 5.185171e+10 5.218006e+10 5.217970e+10 5.213970e+10 5.218553e+10 5.220346e+10 5.109600e+10 5.139707e+10 5.112701e+10 5.133680e+10 5.220515e+10 5.220311e+10 5.219182e+10 5.212735e+10 5.219251e+10 5.189072e+10 
4.668695e+10 4.669669e+10 4.669757e+10 4.670134e+10 4.670685e+10 4.670774e+10 4.670775e+10 4.670812e+10 4.670815e+10 4.670977e+10 4.671141e+10 4.671157e+10 4.671510e+10 4.671535e+10 4.671666e+10 4.671697e+10 4.671724e+10 4.671755e+10 4.671771e+10 4.671791e+10 4.671793e+10 4.671788e+10 4.671783e+10 4.671668e+10 4.671626e+10 4.671624e+10 4.671533e+10 4.671437e+10 4.671146e+10 4.671095e+10 4.670919e+10 4.670721e+10 4.670667e+10 4.670590e+10 4.670484e+10 4.670014e+10 4.669948e+10 4.669840e+10 4.668969e+10 4.668626e+10 4.666818e+10 4.666613e+10 4.666606e+10 4.666323e+10 4.664944e+10 4.649965e+10 4.647946e+10 4.647867e+10 4.646176e+10 4.645740e+10 4.645660e+10 4.645279e+10 4.645038e+10 4.644143e+10 4.643715e+10 4.642659e+10 4.641332e+10 4.641141e+10 4.636600e+10 4.635891e+10 4.634959e+10 4.634144e+10 4.631817e+10 4.629602e+10 4.629156e+10 4.628678e+10 4.628644e+10 4.628211e+10 4.627674e+10 4.626981e+10 4.626799e+10 4.624937e+10 4.623944e+10 4.622321e+10 4.621364e+10 4.620512e+10 4.619853e+10 4.619838e+10 4.613822e+10 4.612233e+10 4.612012e+10 4.610119e+10 4.609973e+10 4.607620e+10 4.605867e+10 4.603807e+10 4.597538e+10 4.595349e+10 4.595233e+10 4.595131e+10 4.595066e+10 4.594857e+10 4.594032e+10 4.592330e+10 4.591633e+10 4.588856e+10 4.588376e+10 4.586234e+10 4.585782e+10 4.583028e+10 4.580128e+10 5.221483e+10 5.086268e+10 5.150583e+10 5.215209e+10 5.191447e+10 5.200212e+10 5.220935e+10 5.141792e+10 5.175083e+10 5.148651e+10 5.154283e+10 5.222141e+10 5.166165e+10 5.152606e+10 5.212907e+10 5.221600e+10 5.186238e+10 5.219163e+10 5.209896e+10 5.215734e+10 5.218782e+10 5.218889e+10 5.216290e+10 5.170725e+10 5.196408e+10 5.120025e+10 5.221475e+10 5.095248e+10 5.222155e+10 5.182465e+10 5.211117e+10 5.209276e+10 5.143058e+10 5.191881e+10 5.203286e+10 5.219346e+10 5.215927e+10 5.218636e+10 5.208902e+10 5.220502e+10 5.166285e+10 5.212366e+10 5.221557e+10 5.222111e+10 5.172531e+10 5.216342e+10 5.221336e+10 5.172869e+10 5.127830e+10 5.221927e+10 5.214170e+10 5.221086e+10 5.221774e+10 5.219607e+10 5.221213e+10 5.179124e+10 5.116259e+10 5.159403e+10 5.123510e+10 5.130599e+10 5.219587e+10 5.215007e+10 5.220949e+10 5.168451e+10 5.220204e+10 5.200646e+10 5.220914e+10 5.130022e+10 5.181962e+10 5.218297e+10 5.095052e+10 5.221713e+10 5.220650e+10 5.178844e+10 5.094003e+10 5.222138e+10 5.211766e+10 5.218602e+10 5.222147e+10 5.210440e+10 5.216267e+10 5.126327e+10 5.141876e+10 5.177743e+10 5.189779e+10 5.220267e+10 5.220236e+10 5.216750e+10 5.220718e+10 5.222042e+10 5.116644e+10 5.145941e+10 5.119668e+10 5.140088e+10 5.221630e+10 5.222022e+10 5.219870e+10 5.215639e+10 5.221274e+10 5.193498e+10 
4.668769e+10 4.669757e+10 4.669846e+10 4.670229e+10 4.670791e+10 4.670881e+10 4.670883e+10 4.670920e+10 4.670924e+10 4.671089e+10 4.671258e+10 4.671274e+10 4.671639e+10 4.671665e+10 4.671802e+10 4.671836e+10 4.671865e+10 4.671899e+10 4.671917e+10 4.671942e+10 4.671944e+10 4.671943e+10 4.671940e+10 4.671836e+10 4.671796e+10 4.671794e+10 4.671708e+10 4.671616e+10 4.671334e+10 4.671284e+10 4.671113e+10 4.670919e+10 4.670867e+10 4.670791e+10 4.670687e+10 4.670225e+10 4.670161e+10 4.670054e+10 4.669196e+10 4.668857e+10 4.667070e+10 4.666866e+10 4.666859e+10 4.666579e+10 4.665212e+10 4.650324e+10 4.648314e+10 4.648235e+10 4.646552e+10 4.646118e+10 4.646038e+10 4.645658e+10 4.645419e+10 4.644528e+10 4.644101e+10 4.643049e+10 4.641727e+10 4.641537e+10 4.637014e+10 4.636307e+10 4.635379e+10 4.634567e+10 4.632248e+10 4.630040e+10 4.629596e+10 4.629120e+10 4.629085e+10 4.628654e+10 4.628118e+10 4.627428e+10 4.627246e+10 4.625391e+10 4.624400e+10 4.622782e+10 4.621828e+10 4.620979e+10 4.620322e+10 4.620307e+10 4.614309e+10 4.612724e+10 4.612504e+10 4.610616e+10 4.610471e+10 4.608124e+10 4.606375e+10 4.604321e+10 4.598067e+10 4.595884e+10 4.595768e+10 4.595666e+10 4.595602e+10 4.595393e+10 4.594570e+10 4.592873e+10 4.592177e+10 4.589406e+10 4.588927e+10 4.586790e+10 4.586339e+10 4.583592e+10 4.580698e+10 5.221667e+10 5.087037e+10 5.151184e+10 5.215493e+10 5.191890e+10 5.200608e+10 5.221136e+10 5.142420e+10 5.175598e+10 5.149258e+10 5.154872e+10 5.222274e+10 5.166714e+10 5.153201e+10 5.213214e+10 5.221780e+10 5.186706e+10 5.219398e+10 5.210228e+10 5.216013e+10 5.219023e+10 5.218930e+10 5.216563e+10 5.171256e+10 5.196826e+10 5.120713e+10 5.221569e+10 5.095997e+10 5.222292e+10 5.182949e+10 5.211439e+10 5.209613e+10 5.143683e+10 5.192323e+10 5.203664e+10 5.219393e+10 5.216203e+10 5.218879e+10 5.209241e+10 5.220712e+10 5.166833e+10 5.212677e+10 5.221739e+10 5.222238e+10 5.173056e+10 5.216614e+10 5.221425e+10 5.173393e+10 5.128498e+10 5.222040e+10 5.214465e+10 5.221283e+10 5.221880e+10 5.219834e+10 5.221406e+10 5.179623e+10 5.116957e+10 5.159975e+10 5.124189e+10 5.131259e+10 5.219638e+10 5.215293e+10 5.221028e+10 5.168992e+10 5.220420e+10 5.201040e+10 5.220992e+10 5.130683e+10 5.182448e+10 5.218545e+10 5.095801e+10 5.221816e+10 5.220722e+10 5.179343e+10 5.094755e+10 5.222270e+10 5.212082e+10 5.218845e+10 5.222281e+10 5.210768e+10 5.216540e+10 5.126998e+10 5.142504e+10 5.178247e+10 5.190231e+10 5.220482e+10 5.220452e+10 5.217017e+10 5.220924e+10 5.222200e+10 5.117341e+10 5.146557e+10 5.120357e+10 5.140721e+10 5.221730e+10 5.222182e+10 5.219926e+10 5.215918e+10 5.221465e+10 5.193931e+10 
4.669085e+10 4.670134e+10 4.670229e+10 4.670640e+10 4.671249e+10 4.671348e+10 4.671350e+10 4.671391e+10 4.671395e+10 4.671578e+10 4.671765e+10 4.671783e+10 4.672202e+10 4.672234e+10 4.672401e+10 4.672444e+10 4.672482e+10 4.672530e+10 4.672557e+10 4.672605e+10 4.672611e+10 4.672629e+10 4.672631e+10 4.672578e+10 4.672549e+10 4.672548e+10 4.672481e+10 4.672407e+10 4.672167e+10 4.672123e+10 4.671972e+10 4.671798e+10 4.671752e+10 4.671683e+10 4.671588e+10 4.671165e+10 4.671105e+10 4.671007e+10 4.670206e+10 4.669887e+10 4.668190e+10 4.667996e+10 4.667989e+10 4.667722e+10 4.666411e+10 4.651935e+10 4.649967e+10 4.649890e+10 4.648241e+10 4.647815e+10 4.647737e+10 4.647364e+10 4.647130e+10 4.646256e+10 4.645837e+10 4.644805e+10 4.643507e+10 4.643321e+10 4.638876e+10 4.638181e+10 4.637268e+10 4.636469e+10 4.634187e+10 4.632014e+10 4.631576e+10 4.631107e+10 4.631073e+10 4.630648e+10 4.630121e+10 4.629441e+10 4.629261e+10 4.627433e+10 4.626457e+10 4.624862e+10 4.623921e+10 4.623083e+10 4.622435e+10 4.622421e+10 4.616503e+10 4.614938e+10 4.614721e+10 4.612857e+10 4.612713e+10 4.610395e+10 4.608668e+10 4.606638e+10 4.600456e+10 4.598298e+10 4.598184e+10 4.598083e+10 4.598018e+10 4.597812e+10 4.596999e+10 4.595319e+10 4.594631e+10 4.591891e+10 4.591416e+10 4.589302e+10 4.588856e+10 4.586136e+10 4.583272e+10 5.222478e+10 5.090513e+10 5.153893e+10 5.216758e+10 5.193881e+10 5.202386e+10 5.222017e+10 5.145252e+10 5.177915e+10 5.151994e+10 5.157527e+10 5.222848e+10 5.169184e+10 5.155880e+10 5.214581e+10 5.222572e+10 5.188808e+10 5.220436e+10 5.211710e+10 5.217253e+10 5.220088e+10 5.219084e+10 5.217774e+10 5.173650e+10 5.198700e+10 5.123821e+10 5.221967e+10 5.099381e+10 5.222886e+10 5.185128e+10 5.212876e+10 5.211117e+10 5.146497e+10 5.194303e+10 5.205357e+10 5.219580e+10 5.217434e+10 5.219954e+10 5.210758e+10 5.221639e+10 5.169301e+10 5.214066e+10 5.222538e+10 5.222790e+10 5.175418e+10 5.217823e+10 5.221804e+10 5.175749e+10 5.131510e+10 5.222525e+10 5.215778e+10 5.222147e+10 5.222330e+10 5.220839e+10 5.222254e+10 5.181866e+10 5.120109e+10 5.162553e+10 5.127254e+10 5.134237e+10 5.219843e+10 5.216568e+10 5.221359e+10 5.171424e+10 5.221375e+10 5.202806e+10 5.221319e+10 5.133669e+10 5.184637e+10 5.219642e+10 5.099187e+10 5.222254e+10 5.221021e+10 5.181591e+10 5.098151e+10 5.222842e+10 5.213495e+10 5.219923e+10 5.222862e+10 5.212230e+10 5.217753e+10 5.130030e+10 5.145335e+10 5.180516e+10 5.192258e+10 5.221431e+10 5.221404e+10 5.218204e+10 5.221829e+10 5.222890e+10 5.120488e+10 5.149331e+10 5.123469e+10 5.143576e+10 5.222154e+10 5.222879e+10 5.220154e+10 5.217163e+10 5.222306e+10 5.195875e+10 
4.669533e+10 4.670685e+10 4.670791e+10 4.671249e+10 4.671939e+10 4.672053e+10 4.672055e+10 4.672102e+10 4.672107e+10 4.672319e+10 4.672539e+10 4.672560e+10 4.673070e+10 4.673110e+10 4.673329e+10 4.673389e+10 4.673442e+10 4.673514e+10 4.673556e+10 4.673642e+10 4.673654e+10 4.673704e+10 4.673715e+10 4.673749e+10 4.673740e+10 4.673739e+10 4.673706e+10 4.673662e+10 4.673493e+10 4.673460e+10 4.673343e+10 4.673204e+10 4.673165e+10 4.673109e+10 4.673031e+10 4.672673e+10 4.672621e+10 4.672536e+10 4.671832e+10 4.671547e+10 4.670005e+10 4.669826e+10 4.669820e+10 4.669574e+10 4.668358e+10 4.654583e+10 4.652687e+10 4.652613e+10 4.651021e+10 4.650610e+10 4.650534e+10 4.650174e+10 4.649947e+10 4.649103e+10 4.648698e+10 4.647699e+10 4.646442e+10 4.646262e+10 4.641950e+10 4.641276e+10 4.640388e+10 4.639612e+10 4.637394e+10 4.635278e+10 4.634852e+10 4.634395e+10 4.634362e+10 4.633949e+10 4.633435e+10 4.632772e+10 4.632597e+10 4.630815e+10 4.629863e+10 4.628307e+10 4.627389e+10 4.626571e+10 4.625938e+10 4.625924e+10 4.620142e+10 4.618611e+10 4.618399e+10 4.616575e+10 4.616435e+10 4.614166e+10 4.612475e+10 4.610487e+10 4.604428e+10 4.602311e+10 4.602199e+10 4.602100e+10 4.602037e+10 4.601835e+10 4.601037e+10 4.599389e+10 4.598714e+10 4.596024e+10 4.595558e+10 4.593482e+10 4.593044e+10 4.590373e+10 4.587558e+10 5.223744e+10 5.096312e+10 5.158386e+10 5.218796e+10 5.197152e+10 5.205294e+10 5.223404e+10 5.149953e+10 5.181741e+10 5.156534e+10 5.161928e+10 5.223712e+10 5.173270e+10 5.160323e+10 5.216791e+10 5.223807e+10 5.192269e+10 5.222089e+10 5.214116e+10 5.219248e+10 5.221786e+10 5.219235e+10 5.219722e+10 5.177606e+10 5.201774e+10 5.128991e+10 5.222534e+10 5.105022e+10 5.223783e+10 5.188718e+10 5.215206e+10 5.213560e+10 5.151169e+10 5.197557e+10 5.208121e+10 5.219787e+10 5.219412e+10 5.221669e+10 5.213224e+10 5.223103e+10 5.173384e+10 5.216314e+10 5.223784e+10 5.223615e+10 5.179320e+10 5.219765e+10 5.222337e+10 5.179642e+10 5.136520e+10 5.223239e+10 5.217897e+10 5.223504e+10 5.222985e+10 5.222435e+10 5.223584e+10 5.185565e+10 5.125354e+10 5.166822e+10 5.132353e+10 5.139187e+10 5.220081e+10 5.218623e+10 5.221810e+10 5.175445e+10 5.222887e+10 5.205694e+10 5.221763e+10 5.138631e+10 5.188244e+10 5.221394e+10 5.104831e+10 5.222889e+10 5.221417e+10 5.185300e+10 5.103814e+10 5.223701e+10 5.215783e+10 5.221642e+10 5.223738e+10 5.214603e+10 5.219702e+10 5.135070e+10 5.150034e+10 5.184259e+10 5.195591e+10 5.222933e+10 5.222910e+10 5.220110e+10 5.223256e+10 5.223951e+10 5.125726e+10 5.153936e+10 5.128646e+10 5.148316e+10 5.222763e+10 5.223952e+10 5.220430e+10 5.219166e+10 5.223622e+10 5.199066e+10 
4.669603e+10 4.670774e+10 4.670881e+10 4.671348e+10 4.672053e+10 4.672169e+10 4.672171e+10 4.672220e+10 4.672225e+10 4.672442e+10 4.672668e+10 4.672690e+10 4.673216e+10 4.673258e+10 4.673486e+10 4.673549e+10 4.673605e+10 4.673681e+10 4.673727e+10 4.673819e+10 4.673833e+10 4.673888e+10 4.673901e+10 4.673951e+10 4.673945e+10 4.673944e+10 4.673918e+10 4.673878e+10 4.673723e+10 4.673692e+10 4.673581e+10 4.673448e+10 4.673411e+10 4.673357e+10 4.673282e+10 4.672935e+10 4.672886e+10 4.672803e+10 4.672117e+10 4.671838e+10 4.670324e+10 4.670148e+10 4.670142e+10 4.669899e+10 4.668701e+10 4.655054e+10 4.653171e+10 4.653097e+10 4.651516e+10 4.651107e+10 4.651032e+10 4.650675e+10 4.650449e+10 4.649610e+10 4.649208e+10 4.648215e+10 4.646966e+10 4.646786e+10 4.642499e+10 4.641828e+10 4.640946e+10 4.640174e+10 4.637966e+10 4.635861e+10 4.635438e+10 4.634983e+10 4.634950e+10 4.634538e+10 4.634027e+10 4.633368e+10 4.633194e+10 4.631420e+10 4.630472e+10 4.628923e+10 4.628009e+10 4.627195e+10 4.626565e+10 4.626551e+10 4.620793e+10 4.619269e+10 4.619058e+10 4.617242e+10 4.617101e+10 4.614842e+10 4.613157e+10 4.611177e+10 4.605141e+10 4.603031e+10 4.602920e+10 4.602821e+10 4.602758e+10 4.602556e+10 4.601761e+10 4.600120e+10 4.599447e+10 4.596766e+10 4.596302e+10 4.594233e+10 4.593796e+10 4.591134e+10 4.588328e+10 5.223960e+10 5.097354e+10 5.159190e+10 5.219153e+10 5.197733e+10 5.205809e+10 5.223642e+10 5.150796e+10 5.182424e+10 5.157347e+10 5.162715e+10 5.223855e+10 5.174000e+10 5.161118e+10 5.217179e+10 5.224017e+10 5.192885e+10 5.222375e+10 5.214540e+10 5.219597e+10 5.222081e+10 5.219247e+10 5.220062e+10 5.178312e+10 5.202319e+10 5.129919e+10 5.222622e+10 5.106036e+10 5.223932e+10 5.189358e+10 5.215616e+10 5.213990e+10 5.152006e+10 5.198136e+10 5.208609e+10 5.219809e+10 5.219758e+10 5.221966e+10 5.213658e+10 5.223355e+10 5.174113e+10 5.216709e+10 5.223997e+10 5.223751e+10 5.180017e+10 5.220105e+10 5.222419e+10 5.180337e+10 5.137418e+10 5.223354e+10 5.218268e+10 5.223736e+10 5.223089e+10 5.222711e+10 5.223812e+10 5.186225e+10 5.126296e+10 5.167585e+10 5.133268e+10 5.140075e+10 5.220109e+10 5.218982e+10 5.221877e+10 5.176163e+10 5.223147e+10 5.206206e+10 5.221829e+10 5.139521e+10 5.188886e+10 5.221699e+10 5.105846e+10 5.222989e+10 5.221475e+10 5.185961e+10 5.104832e+10 5.223842e+10 5.216185e+10 5.221940e+10 5.223882e+10 5.215021e+10 5.220043e+10 5.135975e+10 5.150876e+10 5.184927e+10 5.196184e+10 5.223191e+10 5.223170e+10 5.220443e+10 5.223501e+10 5.224130e+10 5.126666e+10 5.154761e+10 5.129575e+10 5.149166e+10 5.222859e+10 5.224132e+10 5.220465e+10 5.219516e+10 5.223847e+10 5.199633e+10 
4.669604e+10 4.670775e+10 4.670883e+10 4.671350e+10 4.672055e+10 4.672171e+10 4.672173e+10 4.672222e+10 4.672227e+10 4.672444e+10 4.672670e+10 4.672692e+10 4.673218e+10 4.673260e+10 4.673489e+10 4.673551e+10 4.673608e+10 4.673684e+10 4.673729e+10 4.673821e+10 4.673835e+10 4.673891e+10 4.673904e+10 4.673954e+10 4.673948e+10 4.673948e+10 4.673921e+10 4.673882e+10 4.673726e+10 4.673695e+10 4.673584e+10 4.673452e+10 4.673415e+10 4.673361e+10 4.673286e+10 4.672940e+10 4.672890e+10 4.672807e+10 4.672121e+10 4.671843e+10 4.670329e+10 4.670153e+10 4.670147e+10 4.669904e+10 4.668706e+10 4.655061e+10 4.653179e+10 4.653105e+10 4.651524e+10 4.651115e+10 4.651040e+10 4.650683e+10 4.650457e+10 4.649618e+10 4.649216e+10 4.648223e+10 4.646974e+10 4.646794e+10 4.642508e+10 4.641837e+10 4.640955e+10 4.640183e+10 4.637976e+10 4.635871e+10 4.635447e+10 4.634992e+10 4.634959e+10 4.634548e+10 4.634036e+10 4.633377e+10 4.633203e+10 4.631430e+10 4.630482e+10 4.628933e+10 4.628019e+10 4.627205e+10 4.626575e+10 4.626561e+10 4.620804e+10 4.619280e+10 4.619068e+10 4.617252e+10 4.617112e+10 4.614853e+10 4.613168e+10 4.611188e+10 4.605152e+10 4.603043e+10 4.602931e+10 4.602832e+10 4.602770e+10 4.602568e+10 4.601773e+10 4.600131e+10 4.599458e+10 4.596778e+10 4.596314e+10 4.594245e+10 4.593808e+10 4.591146e+10 4.588340e+10 5.223963e+10 5.097371e+10 5.159203e+10 5.219159e+10 5.197742e+10 5.205817e+10 5.223646e+10 5.150809e+10 5.182435e+10 5.157360e+10 5.162728e+10 5.223857e+10 5.174011e+10 5.161131e+10 5.217186e+10 5.224020e+10 5.192895e+10 5.222380e+10 5.214547e+10 5.219602e+10 5.222085e+10 5.219248e+10 5.220067e+10 5.178324e+10 5.202328e+10 5.129934e+10 5.222624e+10 5.106052e+10 5.223934e+10 5.189368e+10 5.215623e+10 5.213997e+10 5.152020e+10 5.198145e+10 5.208617e+10 5.219810e+10 5.219764e+10 5.221971e+10 5.213665e+10 5.223359e+10 5.174125e+10 5.216715e+10 5.224000e+10 5.223753e+10 5.180028e+10 5.220110e+10 5.222420e+10 5.180348e+10 5.137433e+10 5.223356e+10 5.218274e+10 5.223740e+10 5.223091e+10 5.222716e+10 5.223815e+10 5.186235e+10 5.126311e+10 5.167597e+10 5.133283e+10 5.140089e+10 5.220109e+10 5.218988e+10 5.221878e+10 5.176175e+10 5.223151e+10 5.206214e+10 5.221830e+10 5.139536e+10 5.188897e+10 5.221704e+10 5.105862e+10 5.222991e+10 5.221475e+10 5.185972e+10 5.104849e+10 5.223845e+10 5.216191e+10 5.221945e+10 5.223884e+10 5.215027e+10 5.220048e+10 5.135989e+10 5.150890e+10 5.184937e+10 5.196194e+10 5.223196e+10 5.223174e+10 5.220448e+10 5.223505e+10 5.224132e+10 5.126681e+10 5.154774e+10 5.129590e+10 5.149179e+10 5.222860e+10 5.224135e+10 5.220465e+10 5.219522e+10 5.223851e+10 5.199642e+10 
4.669632e+10 4.670812e+10 4.670920e+10 4.671391e+10 4.672102e+10 4.672220e+10 4.672222e+10 4.672271e+10 4.672276e+10 4.672495e+10 4.672724e+10 4.672746e+10 4.673280e+10 4.673322e+10 4.673555e+10 4.673619e+10 4.673676e+10 4.673754e+10 4.673801e+10 4.673896e+10 4.673910e+10 4.673969e+10 4.673982e+10 4.674039e+10 4.674035e+10 4.674034e+10 4.674010e+10 4.673973e+10 4.673824e+10 4.673793e+10 4.673685e+10 4.673555e+10 4.673519e+10 4.673466e+10 4.673392e+10 4.673051e+10 4.673002e+10 4.672920e+10 4.672242e+10 4.671966e+10 4.670464e+10 4.670290e+10 4.670284e+10 4.670042e+10 4.668852e+10 4.655262e+10 4.653385e+10 4.653311e+10 4.651734e+10 4.651327e+10 4.651252e+10 4.650896e+10 4.650671e+10 4.649833e+10 4.649432e+10 4.648442e+10 4.647197e+10 4.647017e+10 4.642741e+10 4.642072e+10 4.641192e+10 4.640421e+10 4.638219e+10 4.636119e+10 4.635696e+10 4.635242e+10 4.635210e+10 4.634799e+10 4.634288e+10 4.633631e+10 4.633457e+10 4.631687e+10 4.630741e+10 4.629196e+10 4.628283e+10 4.627471e+10 4.626842e+10 4.626828e+10 4.621081e+10 4.619560e+10 4.619349e+10 4.617536e+10 4.617396e+10 4.615141e+10 4.613459e+10 4.611482e+10 4.605456e+10 4.603350e+10 4.603238e+10 4.603139e+10 4.603077e+10 4.602875e+10 4.602082e+10 4.600442e+10 4.599770e+10 4.597094e+10 4.596630e+10 4.594564e+10 4.594128e+10 4.591470e+10 4.588668e+10 5.224054e+10 5.097816e+10 5.159546e+10 5.219310e+10 5.197989e+10 5.206036e+10 5.223746e+10 5.151168e+10 5.182725e+10 5.157706e+10 5.163063e+10 5.223916e+10 5.174322e+10 5.161470e+10 5.217350e+10 5.224108e+10 5.193157e+10 5.222501e+10 5.214727e+10 5.219750e+10 5.222210e+10 5.219251e+10 5.220211e+10 5.178624e+10 5.202559e+10 5.130329e+10 5.222660e+10 5.106484e+10 5.223996e+10 5.189640e+10 5.215797e+10 5.214180e+10 5.152376e+10 5.198391e+10 5.208825e+10 5.219818e+10 5.219910e+10 5.222097e+10 5.213849e+10 5.223465e+10 5.174435e+10 5.216882e+10 5.224089e+10 5.223809e+10 5.180325e+10 5.220254e+10 5.222454e+10 5.180644e+10 5.137815e+10 5.223403e+10 5.218431e+10 5.223838e+10 5.223134e+10 5.222832e+10 5.223911e+10 5.186516e+10 5.126713e+10 5.167922e+10 5.133673e+10 5.140467e+10 5.220120e+10 5.219140e+10 5.221905e+10 5.176481e+10 5.223261e+10 5.206431e+10 5.221856e+10 5.139915e+10 5.189170e+10 5.221832e+10 5.106295e+10 5.223032e+10 5.221498e+10 5.186253e+10 5.105283e+10 5.223904e+10 5.216362e+10 5.222071e+10 5.223945e+10 5.215204e+10 5.220192e+10 5.136374e+10 5.151248e+10 5.185221e+10 5.196446e+10 5.223305e+10 5.223284e+10 5.220589e+10 5.223608e+10 5.224207e+10 5.127082e+10 5.155125e+10 5.129986e+10 5.149541e+10 5.222900e+10 5.224211e+10 5.220479e+10 5.219670e+10 5.223945e+10 5.199883e+10 
4.669635e+10 4.670815e+10 4.670924e+10 4.671395e+10 4.672107e+10 4.672225e+10 4.672227e+10 4.672276e+10 4.672281e+10 4.672500e+10 4.672730e+10 4.672752e+10 4.673286e+10 4.673329e+10 4.673561e+10 4.673625e+10 4.673683e+10 4.673761e+10 4.673808e+10 4.673904e+10 4.673918e+10 4.673976e+10 4.673990e+10 4.674048e+10 4.674043e+10 4.674043e+10 4.674019e+10 4.673983e+10 4.673833e+10 4.673803e+10 4.673695e+10 4.673566e+10 4.673530e+10 4.673477e+10 4.673403e+10 4.673062e+10 4.673013e+10 4.672932e+10 4.672254e+10 4.671978e+10 4.670478e+10 4.670304e+10 4.670297e+10 4.670056e+10 4.668867e+10 4.655282e+10 4.653406e+10 4.653332e+10 4.651755e+10 4.651348e+10 4.651274e+10 4.650917e+10 4.650692e+10 4.649855e+10 4.649455e+10 4.648465e+10 4.647219e+10 4.647040e+10 4.642765e+10 4.642096e+10 4.641216e+10 4.640446e+10 4.638244e+10 4.636144e+10 4.635722e+10 4.635268e+10 4.635235e+10 4.634825e+10 4.634314e+10 4.633656e+10 4.633483e+10 4.631713e+10 4.630768e+10 4.629222e+10 4.628310e+10 4.627498e+10 4.626870e+10 4.626856e+10 4.621109e+10 4.619589e+10 4.619378e+10 4.617565e+10 4.617425e+10 4.615170e+10 4.613488e+10 4.611512e+10 4.605487e+10 4.603381e+10 4.603269e+10 4.603171e+10 4.603108e+10 4.602907e+10 4.602113e+10 4.600474e+10 4.599802e+10 4.597126e+10 4.596663e+10 4.594597e+10 4.594161e+10 4.591503e+10 4.588702e+10 5.224063e+10 5.097861e+10 5.159581e+10 5.219325e+10 5.198015e+10 5.206058e+10 5.223756e+10 5.151205e+10 5.182755e+10 5.157742e+10 5.163098e+10 5.223922e+10 5.174354e+10 5.161504e+10 5.217367e+10 5.224117e+10 5.193184e+10 5.222513e+10 5.214745e+10 5.219765e+10 5.222223e+10 5.219252e+10 5.220226e+10 5.178655e+10 5.202583e+10 5.130370e+10 5.222663e+10 5.106528e+10 5.224002e+10 5.189668e+10 5.215814e+10 5.214199e+10 5.152413e+10 5.198416e+10 5.208846e+10 5.219819e+10 5.219925e+10 5.222110e+10 5.213868e+10 5.223476e+10 5.174467e+10 5.216899e+10 5.224098e+10 5.223815e+10 5.180355e+10 5.220268e+10 5.222457e+10 5.180674e+10 5.137854e+10 5.223408e+10 5.218447e+10 5.223848e+10 5.223138e+10 5.222844e+10 5.223921e+10 5.186544e+10 5.126754e+10 5.167956e+10 5.133713e+10 5.140506e+10 5.220121e+10 5.219156e+10 5.221908e+10 5.176512e+10 5.223272e+10 5.206453e+10 5.221859e+10 5.139953e+10 5.189198e+10 5.221846e+10 5.106339e+10 5.223037e+10 5.221501e+10 5.186282e+10 5.105327e+10 5.223910e+10 5.216379e+10 5.222084e+10 5.223951e+10 5.215222e+10 5.220207e+10 5.136414e+10 5.151285e+10 5.185250e+10 5.196471e+10 5.223316e+10 5.223295e+10 5.220603e+10 5.223619e+10 5.224215e+10 5.127123e+10 5.155161e+10 5.130027e+10 5.149578e+10 5.222904e+10 5.224219e+10 5.220480e+10 5.219685e+10 5.223955e+10 5.199907e+10 
4.669759e+10 4.670977e+10 4.671089e+10 4.671578e+10 4.672319e+10 4.672442e+10 4.672444e+10 4.672495e+10 4.672500e+10 4.672731e+10 4.672972e+10 4.672995e+10 4.673562e+10 4.673608e+10 4.673859e+10 4.673929e+10 4.673993e+10 4.674080e+10 4.674132e+10 4.674241e+10 4.674258e+10 4.674328e+10 4.674345e+10 4.674434e+10 4.674437e+10 4.674437e+10 4.674425e+10 4.674399e+10 4.674276e+10 4.674250e+10 4.674154e+10 4.674037e+10 4.674004e+10 4.673955e+10 4.673888e+10 4.673570e+10 4.673524e+10 4.673448e+10 4.672805e+10 4.672542e+10 4.671097e+10 4.670929e+10 4.670923e+10 4.670690e+10 4.669534e+10 4.656204e+10 4.654354e+10 4.654281e+10 4.652726e+10 4.652324e+10 4.652250e+10 4.651898e+10 4.651676e+10 4.650850e+10 4.650454e+10 4.649476e+10 4.648246e+10 4.648069e+10 4.643842e+10 4.643181e+10 4.642310e+10 4.641548e+10 4.639369e+10 4.637291e+10 4.636872e+10 4.636423e+10 4.636390e+10 4.635984e+10 4.635478e+10 4.634827e+10 4.634655e+10 4.632902e+10 4.631965e+10 4.630434e+10 4.629530e+10 4.628725e+10 4.628102e+10 4.628089e+10 4.622392e+10 4.620883e+10 4.620674e+10 4.618876e+10 4.618737e+10 4.616500e+10 4.614832e+10 4.612870e+10 4.606890e+10 4.604799e+10 4.604689e+10 4.604591e+10 4.604529e+10 4.604329e+10 4.603541e+10 4.601913e+10 4.601246e+10 4.598588e+10 4.598128e+10 4.596076e+10 4.595643e+10 4.593002e+10 4.590220e+10 5.224474e+10 5.099918e+10 5.161163e+10 5.220016e+10 5.199153e+10 5.207065e+10 5.224211e+10 5.152863e+10 5.184095e+10 5.159341e+10 5.164647e+10 5.224188e+10 5.175789e+10 5.163069e+10 5.218121e+10 5.224517e+10 5.194392e+10 5.223065e+10 5.215570e+10 5.220440e+10 5.222790e+10 5.219259e+10 5.220884e+10 5.180042e+10 5.203650e+10 5.132198e+10 5.222821e+10 5.108528e+10 5.224280e+10 5.190923e+10 5.216611e+10 5.215037e+10 5.154060e+10 5.199548e+10 5.209801e+10 5.219845e+10 5.220595e+10 5.222684e+10 5.214714e+10 5.223959e+10 5.175901e+10 5.217667e+10 5.224502e+10 5.224066e+10 5.181723e+10 5.220925e+10 5.222602e+10 5.182038e+10 5.139625e+10 5.223619e+10 5.219168e+10 5.224292e+10 5.223327e+10 5.223375e+10 5.224355e+10 5.187839e+10 5.128610e+10 5.169457e+10 5.135516e+10 5.142255e+10 5.220159e+10 5.219853e+10 5.222024e+10 5.177923e+10 5.223772e+10 5.207453e+10 5.221972e+10 5.141707e+10 5.190459e+10 5.222433e+10 5.108340e+10 5.223218e+10 5.221596e+10 5.187579e+10 5.107335e+10 5.224173e+10 5.217161e+10 5.222659e+10 5.224220e+10 5.216035e+10 5.220866e+10 5.138195e+10 5.152943e+10 5.186561e+10 5.197633e+10 5.223812e+10 5.223793e+10 5.221247e+10 5.224088e+10 5.224552e+10 5.128976e+10 5.156784e+10 5.131858e+10 5.151251e+10 5.223076e+10 5.224560e+10 5.220532e+10 5.220364e+10 5.224384e+10 5.201017e+10 
4.669881e+10 4.671141e+10 4.671258e+10 4.671765e+10 4.672539e+10 4.672668e+10 4.672670e+10 4.672724e+10 4.672730e+10 4.672972e+10 4.673226e+10 4.673251e+10 4.673855e+10 4.673904e+10 4.674177e+10 4.674253e+10 4.674324e+10 4.674420e+10 4.674479e+10 4.674603e+10 4.674623e+10 4.674706e+10 4.674727e+10 4.674851e+10 4.674861e+10 4.674861e+10 4.674864e+10 4.674850e+10 4.674755e+10 4.674734e+10 4.674652e+10 4.674549e+10 4.674519e+10 4.674476e+10 4.674414e+10 4.674124e+10 4.674081e+10 4.674010e+10 4.673407e+10 4.673158e+10 4.671776e+10 4.671614e+10 4.671608e+10 4.671384e+10 4.670267e+10 4.657223e+10 4.655402e+10 4.655330e+10 4.653798e+10 4.653402e+10 4.653330e+10 4.652983e+10 4.652764e+10 4.651950e+10 4.651559e+10 4.650595e+10 4.649382e+10 4.649207e+10 4.645035e+10 4.644381e+10 4.643521e+10 4.642769e+10 4.640616e+10 4.638561e+10 4.638147e+10 4.637703e+10 4.637670e+10 4.637268e+10 4.636769e+10 4.636124e+10 4.635954e+10 4.634220e+10 4.633293e+10 4.631778e+10 4.630883e+10 4.630087e+10 4.629470e+10 4.629456e+10 4.623815e+10 4.622321e+10 4.622113e+10 4.620332e+10 4.620194e+10 4.617977e+10 4.616323e+10 4.614379e+10 4.608449e+10 4.606375e+10 4.606265e+10 4.606168e+10 4.606107e+10 4.605908e+10 4.605127e+10 4.603512e+10 4.602850e+10 4.600213e+10 4.599756e+10 4.597720e+10 4.597290e+10 4.594670e+10 4.591907e+10 5.224914e+10 5.102208e+10 5.162919e+10 5.220771e+10 5.200410e+10 5.208175e+10 5.224700e+10 5.154705e+10 5.185579e+10 5.161116e+10 5.166365e+10 5.224464e+10 5.177379e+10 5.164804e+10 5.218945e+10 5.224944e+10 5.195726e+10 5.223662e+10 5.216474e+10 5.221177e+10 5.223406e+10 5.219244e+10 5.221601e+10 5.181579e+10 5.204826e+10 5.134231e+10 5.222976e+10 5.110754e+10 5.224570e+10 5.192310e+10 5.217485e+10 5.215956e+10 5.155890e+10 5.200799e+10 5.210851e+10 5.219854e+10 5.221325e+10 5.223307e+10 5.215643e+10 5.224479e+10 5.177489e+10 5.218507e+10 5.224934e+10 5.224327e+10 5.183238e+10 5.221640e+10 5.222743e+10 5.183549e+10 5.141592e+10 5.223834e+10 5.219955e+10 5.224768e+10 5.223518e+10 5.223949e+10 5.224821e+10 5.189271e+10 5.130673e+10 5.171122e+10 5.137520e+10 5.144198e+10 5.220180e+10 5.220614e+10 5.222131e+10 5.179487e+10 5.224312e+10 5.208554e+10 5.222077e+10 5.143655e+10 5.191853e+10 5.223071e+10 5.110567e+10 5.223401e+10 5.221682e+10 5.189015e+10 5.109569e+10 5.224447e+10 5.218018e+10 5.223283e+10 5.224501e+10 5.216926e+10 5.221584e+10 5.140175e+10 5.154783e+10 5.188011e+10 5.198915e+10 5.224348e+10 5.224331e+10 5.221947e+10 5.224594e+10 5.224908e+10 5.131037e+10 5.158586e+10 5.133894e+10 5.153108e+10 5.223249e+10 5.224921e+10 5.220569e+10 5.221104e+10 5.224845e+10 5.202242e+10 
4.669893e+10 4.671157e+10 4.671274e+10 4.671783e+10 4.672560e+10 4.672690e+10 4.672692e+10 4.672746e+10 4.672752e+10 4.672995e+10 4.673251e+10 4.673276e+10 4.673884e+10 4.673933e+10 4.674208e+10 4.674285e+10 4.674356e+10 4.674453e+10 4.674513e+10 4.674638e+10 4.674658e+10 4.674743e+10 4.674764e+10 4.674892e+10 4.674903e+10 4.674903e+10 4.674907e+10 4.674894e+10 4.674803e+10 4.674782e+10 4.674701e+10 4.674599e+10 4.674571e+10 4.674528e+10 4.674467e+10 4.674179e+10 4.674137e+10 4.674066e+10 4.673467e+10 4.673219e+10 4.671844e+10 4.671682e+10 4.671677e+10 4.671453e+10 4.670340e+10 4.657325e+10 4.655507e+10 4.655435e+10 4.653906e+10 4.653510e+10 4.653438e+10 4.653092e+10 4.652873e+10 4.652060e+10 4.651670e+10 4.650708e+10 4.649496e+10 4.649321e+10 4.645155e+10 4.644502e+10 4.643643e+10 4.642891e+10 4.640741e+10 4.638688e+10 4.638275e+10 4.637831e+10 4.637799e+10 4.637398e+10 4.636898e+10 4.636255e+10 4.636085e+10 4.634353e+10 4.633427e+10 4.631913e+10 4.631020e+10 4.630224e+10 4.629607e+10 4.629594e+10 4.623958e+10 4.622465e+10 4.622258e+10 4.620478e+10 4.620341e+10 4.618126e+10 4.616474e+10 4.614531e+10 4.608606e+10 4.606534e+10 4.606424e+10 4.606327e+10 4.606266e+10 4.606068e+10 4.605286e+10 4.603673e+10 4.603012e+10 4.600376e+10 4.599920e+10 4.597886e+10 4.597456e+10 4.594837e+10 4.592077e+10 5.224957e+10 5.102439e+10 5.163096e+10 5.220846e+10 5.200536e+10 5.208286e+10 5.224749e+10 5.154890e+10 5.185728e+10 5.161295e+10 5.166538e+10 5.224490e+10 5.177538e+10 5.164979e+10 5.219028e+10 5.224986e+10 5.195860e+10 5.223721e+10 5.216565e+10 5.221251e+10 5.223468e+10 5.219242e+10 5.221673e+10 5.181734e+10 5.204944e+10 5.134436e+10 5.222990e+10 5.110978e+10 5.224598e+10 5.192450e+10 5.217572e+10 5.216048e+10 5.156074e+10 5.200924e+10 5.210956e+10 5.219853e+10 5.221397e+10 5.223368e+10 5.215736e+10 5.224531e+10 5.177649e+10 5.218591e+10 5.224976e+10 5.224352e+10 5.183391e+10 5.221712e+10 5.222756e+10 5.183701e+10 5.141790e+10 5.223854e+10 5.220034e+10 5.224815e+10 5.223536e+10 5.224006e+10 5.224867e+10 5.189415e+10 5.130881e+10 5.171289e+10 5.137721e+10 5.144393e+10 5.220181e+10 5.220690e+10 5.222141e+10 5.179644e+10 5.224365e+10 5.208665e+10 5.222086e+10 5.143851e+10 5.191993e+10 5.223135e+10 5.110791e+10 5.223418e+10 5.221690e+10 5.189159e+10 5.109795e+10 5.224474e+10 5.218103e+10 5.223345e+10 5.224528e+10 5.217015e+10 5.221656e+10 5.140375e+10 5.154969e+10 5.188156e+10 5.199044e+10 5.224401e+10 5.224384e+10 5.222017e+10 5.224644e+10 5.224943e+10 5.131244e+10 5.158767e+10 5.134099e+10 5.153295e+10 5.223265e+10 5.224956e+10 5.220571e+10 5.221177e+10 5.224890e+10 5.202365e+10 
4.670129e+10 4.671510e+10 4.671639e+10 4.672202e+10 4.673070e+10 4.673216e+10 4.673218e+10 4.673280e+10 4.673286e+10 4.673562e+10 4.673855e+10 4.673884e+10 4.674594e+10 4.674653e+10 4.674986e+10 4.675082e+10 4.675171e+10 4.675294e+10 4.675371e+10 4.675539e+10 4.675567e+10 4.675687e+10 4.675719e+10 4.675945e+10 4.675977e+10 4.675978e+10 4.676021e+10 4.676041e+10 4.676030e+10 4.676021e+10 4.675979e+10 4.675916e+10 4.675897e+10 4.675868e+10 4.675826e+10 4.675612e+10 4.675579e+10 4.675523e+10 4.675034e+10 4.674824e+10 4.673623e+10 4.673480e+10 4.673475e+10 4.673274e+10 4.672269e+10 4.660047e+10 4.658310e+10 4.658242e+10 4.656778e+10 4.656399e+10 4.656329e+10 4.655997e+10 4.655788e+10 4.655007e+10 4.654633e+10 4.653708e+10 4.652543e+10 4.652375e+10 4.648360e+10 4.647730e+10 4.646901e+10 4.646175e+10 4.644095e+10 4.642109e+10 4.641708e+10 4.641278e+10 4.641247e+10 4.640858e+10 4.640374e+10 4.639751e+10 4.639586e+10 4.637906e+10 4.637007e+10 4.635538e+10 4.634670e+10 4.633897e+10 4.633298e+10 4.633285e+10 4.627802e+10 4.626349e+10 4.626147e+10 4.624413e+10 4.624279e+10 4.622120e+10 4.620509e+10 4.618613e+10 4.612828e+10 4.610803e+10 4.610696e+10 4.610601e+10 4.610541e+10 4.610347e+10 4.609584e+10 4.608006e+10 4.607359e+10 4.604782e+10 4.604335e+10 4.602344e+10 4.601924e+10 4.599360e+10 4.596656e+10 5.226049e+10 5.108663e+10 5.167839e+10 5.222810e+10 5.203895e+10 5.211234e+10 5.225977e+10 5.159869e+10 5.189715e+10 5.166091e+10 5.171177e+10 5.225128e+10 5.181820e+10 5.169665e+10 5.221187e+10 5.226042e+10 5.199434e+10 5.225250e+10 5.218945e+10 5.223166e+10 5.225048e+10 5.219076e+10 5.223534e+10 5.185868e+10 5.208079e+10 5.139947e+10 5.223292e+10 5.117024e+10 5.225274e+10 5.196170e+10 5.219867e+10 5.218471e+10 5.161020e+10 5.204263e+10 5.213741e+10 5.219750e+10 5.223294e+10 5.224967e+10 5.218183e+10 5.225846e+10 5.181927e+10 5.220792e+10 5.226046e+10 5.224947e+10 5.187465e+10 5.223568e+10 5.223020e+10 5.187764e+10 5.147118e+10 5.224322e+10 5.222090e+10 5.226010e+10 5.223938e+10 5.225471e+10 5.226031e+10 5.193258e+10 5.136478e+10 5.175778e+10 5.143152e+10 5.149655e+10 5.220112e+10 5.222672e+10 5.222313e+10 5.183853e+10 5.225734e+10 5.211590e+10 5.222251e+10 5.149126e+10 5.195732e+10 5.224776e+10 5.116841e+10 5.223797e+10 5.221800e+10 5.193013e+10 5.115865e+10 5.225106e+10 5.220350e+10 5.224949e+10 5.225179e+10 5.219357e+10 5.223519e+10 5.145739e+10 5.159946e+10 5.192050e+10 5.202473e+10 5.225759e+10 5.225747e+10 5.223832e+10 5.225917e+10 5.225803e+10 5.136833e+10 5.163637e+10 5.139618e+10 5.158319e+10 5.223615e+10 5.225830e+10 5.220546e+10 5.223102e+10 5.226039e+10 5.205633e+10 
4.670144e+10 4.671535e+10 4.671665e+10 4.672234e+10 4.673110e+10 4.673258e+10 4.673260e+10 4.673322e+10 4.673329e+10 4.673608e+10 4.673904e+10 4.673933e+10 4.674653e+10 4.674713e+10 4.675051e+10 4.675149e+10 4.675239e+10 4.675365e+10 4.675444e+10 4.675616e+10 4.675645e+10 4.675768e+10 4.675801e+10 4.676036e+10 4.676070e+10 4.676072e+10 4.676117e+10 4.676141e+10 4.676138e+10 4.676130e+10 4.676091e+10 4.676032e+10 4.676014e+10 4.675986e+10 4.675945e+10 4.675738e+10 4.675706e+10 4.675652e+10 4.675173e+10 4.674967e+10 4.673782e+10 4.673640e+10 4.673635e+10 4.673437e+10 4.672442e+10 4.660294e+10 4.658565e+10 4.658496e+10 4.657038e+10 4.656661e+10 4.656592e+10 4.656261e+10 4.656053e+10 4.655275e+10 4.654902e+10 4.653981e+10 4.652820e+10 4.652653e+10 4.648652e+10 4.648024e+10 4.647198e+10 4.646474e+10 4.644401e+10 4.642421e+10 4.642021e+10 4.641593e+10 4.641562e+10 4.641174e+10 4.640692e+10 4.640070e+10 4.639905e+10 4.638230e+10 4.637334e+10 4.635869e+10 4.635004e+10 4.634232e+10 4.633635e+10 4.633622e+10 4.628154e+10 4.626704e+10 4.626503e+10 4.624773e+10 4.624640e+10 4.622486e+10 4.620878e+10 4.618987e+10 4.613215e+10 4.611195e+10 4.611088e+10 4.610993e+10 4.610933e+10 4.610740e+10 4.609978e+10 4.608404e+10 4.607758e+10 4.605186e+10 4.604740e+10 4.602753e+10 4.602334e+10 4.599775e+10 4.597076e+10 5.226142e+10 5.109235e+10 5.168272e+10 5.222984e+10 5.204199e+10 5.211500e+10 5.226083e+10 5.160325e+10 5.190078e+10 5.166530e+10 5.171600e+10 5.225179e+10 5.182211e+10 5.170093e+10 5.221379e+10 5.226131e+10 5.199759e+10 5.225384e+10 5.219158e+10 5.223336e+10 5.225186e+10 5.219051e+10 5.223699e+10 5.186245e+10 5.208363e+10 5.140453e+10 5.223312e+10 5.117579e+10 5.225328e+10 5.196508e+10 5.220072e+10 5.218688e+10 5.161473e+10 5.204566e+10 5.213992e+10 5.219731e+10 5.223462e+10 5.225107e+10 5.218402e+10 5.225960e+10 5.182317e+10 5.220988e+10 5.226137e+10 5.224993e+10 5.187836e+10 5.223732e+10 5.223036e+10 5.188134e+10 5.147606e+10 5.224357e+10 5.222272e+10 5.226112e+10 5.223966e+10 5.225598e+10 5.226131e+10 5.193608e+10 5.136991e+10 5.176188e+10 5.143650e+10 5.150137e+10 5.220097e+10 5.222848e+10 5.222320e+10 5.184236e+10 5.225853e+10 5.211854e+10 5.222257e+10 5.149610e+10 5.196072e+10 5.224920e+10 5.117397e+10 5.223823e+10 5.221801e+10 5.193364e+10 5.116423e+10 5.225156e+10 5.220550e+10 5.225089e+10 5.225231e+10 5.219567e+10 5.223684e+10 5.146231e+10 5.160401e+10 5.192404e+10 5.202784e+10 5.225877e+10 5.225865e+10 5.223992e+10 5.226027e+10 5.225874e+10 5.137345e+10 5.164082e+10 5.140125e+10 5.158778e+10 5.223639e+10 5.225903e+10 5.220535e+10 5.223272e+10 5.226137e+10 5.205929e+10 
4.670208e+10 4.671666e+10 4.671802e+10 4.672401e+10 4.673329e+10 4.673486e+10 4.673489e+10 4.673555e+10 4.673561e+10 4.673859e+10 4.674177e+10 4.674208e+10 4.674986e+10 4.675051e+10 4.675423e+10 4.675531e+10 4.675631e+10 4.675772e+10 4.675861e+10 4.676057e+10 4.676090e+10 4.676234e+10 4.676273e+10 4.676563e+10 4.676610e+10 4.676611e+10 4.676679e+10 4.676722e+10 4.676764e+10 4.676763e+10 4.676746e+10 4.676709e+10 4.676697e+10 4.676677e+10 4.676647e+10 4.676481e+10 4.676454e+10 4.676409e+10 4.675992e+10 4.675807e+10 4.674722e+10 4.674590e+10 4.674585e+10 4.674401e+10 4.673467e+10 4.661769e+10 4.660086e+10 4.660019e+10 4.658598e+10 4.658230e+10 4.658163e+10 4.657840e+10 4.657637e+10 4.656878e+10 4.656514e+10 4.655615e+10 4.654480e+10 4.654317e+10 4.650402e+10 4.649787e+10 4.648977e+10 4.648268e+10 4.646235e+10 4.644292e+10 4.643901e+10 4.643480e+10 4.643450e+10 4.643069e+10 4.642595e+10 4.641984e+10 4.641823e+10 4.640178e+10 4.639297e+10 4.637857e+10 4.637006e+10 4.636248e+10 4.635661e+10 4.635648e+10 4.630267e+10 4.628840e+10 4.628641e+10 4.626938e+10 4.626806e+10 4.624684e+10 4.623100e+10 4.621236e+10 4.615542e+10 4.613549e+10 4.613444e+10 4.613350e+10 4.613291e+10 4.613100e+10 4.612348e+10 4.610795e+10 4.610157e+10 4.607617e+10 4.607178e+10 4.605215e+10 4.604801e+10 4.602273e+10 4.599607e+10 5.226674e+10 5.112684e+10 5.170878e+10 5.224011e+10 5.206017e+10 5.213085e+10 5.226692e+10 5.163065e+10 5.192253e+10 5.169166e+10 5.174147e+10 5.225453e+10 5.184554e+10 5.172666e+10 5.222517e+10 5.226642e+10 5.201700e+10 5.226163e+10 5.220421e+10 5.224335e+10 5.225995e+10 5.218869e+10 5.224667e+10 5.188504e+10 5.210054e+10 5.143495e+10 5.223395e+10 5.120926e+10 5.225623e+10 5.198532e+10 5.221286e+10 5.219975e+10 5.164194e+10 5.206374e+10 5.215484e+10 5.219584e+10 5.224451e+10 5.225927e+10 5.219703e+10 5.226619e+10 5.184658e+10 5.222150e+10 5.226655e+10 5.225243e+10 5.190061e+10 5.224698e+10 5.223098e+10 5.190353e+10 5.150545e+10 5.224535e+10 5.223351e+10 5.226702e+10 5.224106e+10 5.226342e+10 5.226703e+10 5.195703e+10 5.140083e+10 5.178649e+10 5.146647e+10 5.153037e+10 5.219970e+10 5.223885e+10 5.222330e+10 5.186538e+10 5.226542e+10 5.213427e+10 5.222262e+10 5.152518e+10 5.198107e+10 5.225764e+10 5.120745e+10 5.223950e+10 5.221776e+10 5.195464e+10 5.119784e+10 5.225427e+10 5.221737e+10 5.225911e+10 5.225512e+10 5.220809e+10 5.224654e+10 5.149190e+10 5.163140e+10 5.194527e+10 5.204643e+10 5.226559e+10 5.226551e+10 5.224934e+10 5.226662e+10 5.226275e+10 5.140432e+10 5.166760e+10 5.143172e+10 5.161544e+10 5.223750e+10 5.226311e+10 5.220432e+10 5.224276e+10 5.226701e+10 5.207696e+10 
