1.635463e-01 1.632764e-01 1.632861e-01 1.633015e-01 1.633185e-01 1.633308e-01 1.633359e-01 1.633417e-01 1.633435e-01 1.633432e-01 1.633407e-01 1.633353e-01 1.633329e-01 1.633047e-01 1.632250e-01 1.631700e-01 1.630347e-01 1.628662e-01 1.627898e-01 1.625908e-01 1.625466e-01 1.624860e-01 1.624814e-01 1.624746e-01 1.622642e-01 1.620718e-01 1.620543e-01 1.620050e-01 1.619281e-01 1.617551e-01 1.615434e-01 1.614910e-01 1.609914e-01 1.606444e-01 1.600846e-01 1.600544e-01 1.597320e-01 1.594252e-01 1.592327e-01 1.591505e-01 1.590616e-01 1.586749e-01 1.584223e-01 1.581572e-01 1.578913e-01 1.511927e-01 1.508312e-01 1.507533e-01 1.504252e-01 1.501618e-01 1.501520e-01 1.497946e-01 1.495007e-01 1.494496e-01 1.489873e-01 1.481021e-01 1.475621e-01 1.472701e-01 1.471838e-01 1.471341e-01 1.469558e-01 1.468331e-01 1.466393e-01 1.463127e-01 1.453380e-01 1.445903e-01 1.443088e-01 1.442520e-01 1.441626e-01 1.441391e-01 1.438347e-01 1.433269e-01 1.432179e-01 1.428233e-01 1.424878e-01 1.406096e-01 1.398496e-01 1.397526e-01 1.395293e-01 1.389429e-01 1.387853e-01 1.385103e-01 1.380422e-01 1.373265e-01 1.372988e-01 1.372781e-01 1.371278e-01 1.358117e-01 1.351985e-01 1.350863e-01 1.349570e-01 1.348904e-01 1.347733e-01 1.337912e-01 1.335193e-01 1.332300e-01 1.332238e-01 1.322841e-01 1.314916e-01 1.313024e-01 1.309339e-01 1.089657e-01 1.090365e-01 1.050021e-01 1.090253e-01 1.030744e-01 1.060311e-01 1.090108e-01 1.037330e-01 1.074181e-01 1.045735e-01 1.024860e-01 1.010325e-01 1.046103e-01 1.021091e-01 9.954864e-02 1.034083e-01 1.057460e-01 9.985195e-02 1.087072e-01 1.087410e-01 9.920467e-02 1.064857e-01 1.086093e-01 1.076969e-01 1.087151e-01 1.082988e-01 1.043296e-01 1.052248e-01 1.089993e-01 1.083693e-01 1.054965e-01 1.014172e-01 1.023348e-01 1.077842e-01 1.068329e-01 1.029599e-01 1.086907e-01 1.088998e-01 1.085696e-01 9.936808e-02 1.062183e-01 1.046599e-01 1.045422e-01 1.053408e-01 1.090322e-01 1.070482e-01 1.079593e-01 1.054478e-01 1.053597e-01 1.082643e-01 1.019347e-01 1.088513e-01 1.090163e-01 1.086987e-01 1.062840e-01 1.080187e-01 1.088717e-01 1.053638e-01 1.083758e-01 1.082757e-01 1.066519e-01 1.063527e-01 1.090239e-01 1.089776e-01 1.089373e-01 1.032116e-01 1.087374e-01 1.066228e-01 1.086289e-01 1.046948e-01 1.049714e-01 1.017502e-01 1.013203e-01 9.996112e-02 1.024545e-01 1.090264e-01 1.082893e-01 1.089970e-01 1.041141e-01 1.071256e-01 1.079692e-01 1.025082e-01 1.090354e-01 1.088032e-01 1.084050e-01 1.033539e-01 1.075316e-01 1.081772e-01 1.072553e-01 1.079639e-01 1.070492e-01 1.074854e-01 9.995549e-02 9.994066e-02 1.070527e-01 1.078199e-01 1.080577e-01 1.067779e-01 1.017176e-01 1.090315e-01 
1.632764e-01 1.636060e-01 1.633195e-01 1.633377e-01 1.633586e-01 1.633746e-01 1.633818e-01 1.633913e-01 1.633971e-01 1.633979e-01 1.633982e-01 1.633959e-01 1.633945e-01 1.633741e-01 1.633066e-01 1.632576e-01 1.631337e-01 1.629764e-01 1.629044e-01 1.627157e-01 1.626735e-01 1.626157e-01 1.626113e-01 1.626048e-01 1.624032e-01 1.622181e-01 1.622013e-01 1.621538e-01 1.620796e-01 1.619124e-01 1.617073e-01 1.616565e-01 1.611710e-01 1.608329e-01 1.602863e-01 1.602567e-01 1.599413e-01 1.596409e-01 1.594522e-01 1.593716e-01 1.592844e-01 1.589050e-01 1.586570e-01 1.583965e-01 1.581351e-01 1.515227e-01 1.511649e-01 1.510878e-01 1.507629e-01 1.505020e-01 1.504923e-01 1.501383e-01 1.498471e-01 1.497965e-01 1.493384e-01 1.484610e-01 1.479255e-01 1.476359e-01 1.475503e-01 1.475010e-01 1.473242e-01 1.472024e-01 1.470102e-01 1.466862e-01 1.457189e-01 1.449767e-01 1.446973e-01 1.446408e-01 1.445521e-01 1.445288e-01 1.442265e-01 1.437222e-01 1.436139e-01 1.432219e-01 1.428886e-01 1.410223e-01 1.402667e-01 1.401703e-01 1.399483e-01 1.393652e-01 1.392084e-01 1.389350e-01 1.384694e-01 1.377574e-01 1.377299e-01 1.377093e-01 1.375598e-01 1.362502e-01 1.356399e-01 1.355282e-01 1.353996e-01 1.353333e-01 1.352167e-01 1.342390e-01 1.339683e-01 1.336803e-01 1.336742e-01 1.327384e-01 1.319490e-01 1.317606e-01 1.313935e-01 1.090183e-01 1.090776e-01 1.051312e-01 1.090706e-01 1.032210e-01 1.061487e-01 1.090586e-01 1.038740e-01 1.075158e-01 1.047069e-01 1.026371e-01 1.011938e-01 1.047433e-01 1.022630e-01 9.971910e-02 1.035521e-01 1.058670e-01 1.000206e-01 1.087738e-01 1.088062e-01 9.937708e-02 1.065975e-01 1.086795e-01 1.077896e-01 1.087813e-01 1.083782e-01 1.044653e-01 1.053515e-01 1.090486e-01 1.084468e-01 1.056204e-01 1.015760e-01 1.024870e-01 1.078752e-01 1.069398e-01 1.031074e-01 1.087580e-01 1.089571e-01 1.086411e-01 9.953957e-02 1.063336e-01 1.047925e-01 1.046759e-01 1.054664e-01 1.090757e-01 1.071519e-01 1.080467e-01 1.055722e-01 1.054850e-01 1.083446e-01 1.020898e-01 1.089114e-01 1.090503e-01 1.087656e-01 1.063985e-01 1.081048e-01 1.089307e-01 1.054891e-01 1.084532e-01 1.083557e-01 1.067614e-01 1.064662e-01 1.090592e-01 1.090291e-01 1.089922e-01 1.033571e-01 1.088027e-01 1.067327e-01 1.086984e-01 1.048270e-01 1.051008e-01 1.019067e-01 1.014797e-01 1.001292e-01 1.026058e-01 1.090715e-01 1.083690e-01 1.090466e-01 1.042518e-01 1.072281e-01 1.080564e-01 1.026591e-01 1.090775e-01 1.088656e-01 1.084815e-01 1.034982e-01 1.076273e-01 1.082597e-01 1.073557e-01 1.080512e-01 1.071529e-01 1.075820e-01 1.001236e-01 1.001088e-01 1.071564e-01 1.079102e-01 1.081429e-01 1.068856e-01 1.018743e-01 1.090752e-01 
1.632861e-01 1.633195e-01 1.636291e-01 1.633507e-01 1.633731e-01 1.633905e-01 1.633986e-01 1.634095e-01 1.634169e-01 1.634181e-01 1.634196e-01 1.634185e-01 1.634175e-01 1.634002e-01 1.633375e-01 1.632908e-01 1.631715e-01 1.630187e-01 1.629484e-01 1.627637e-01 1.627223e-01 1.626656e-01 1.626613e-01 1.626549e-01 1.624568e-01 1.622746e-01 1.622581e-01 1.622112e-01 1.621381e-01 1.619732e-01 1.617708e-01 1.617206e-01 1.612407e-01 1.609061e-01 1.603647e-01 1.603354e-01 1.600227e-01 1.597248e-01 1.595376e-01 1.594576e-01 1.593712e-01 1.589946e-01 1.587484e-01 1.584898e-01 1.582302e-01 1.516520e-01 1.512956e-01 1.512188e-01 1.508951e-01 1.506353e-01 1.506256e-01 1.502730e-01 1.499828e-01 1.499325e-01 1.494760e-01 1.486017e-01 1.480680e-01 1.477794e-01 1.476941e-01 1.476450e-01 1.474687e-01 1.473473e-01 1.471557e-01 1.468327e-01 1.458684e-01 1.451284e-01 1.448498e-01 1.447935e-01 1.447049e-01 1.446817e-01 1.443803e-01 1.438774e-01 1.437694e-01 1.433785e-01 1.430461e-01 1.411844e-01 1.404306e-01 1.403344e-01 1.401129e-01 1.395311e-01 1.393747e-01 1.391018e-01 1.386372e-01 1.379268e-01 1.378993e-01 1.378788e-01 1.377296e-01 1.364226e-01 1.358135e-01 1.357020e-01 1.355736e-01 1.355074e-01 1.353910e-01 1.344151e-01 1.341449e-01 1.338574e-01 1.338513e-01 1.329170e-01 1.321290e-01 1.319409e-01 1.315743e-01 1.090386e-01 1.090933e-01 1.051817e-01 1.090880e-01 1.032784e-01 1.061946e-01 1.090769e-01 1.039293e-01 1.075539e-01 1.047591e-01 1.026964e-01 1.012571e-01 1.047954e-01 1.023234e-01 9.978600e-02 1.036084e-01 1.059143e-01 1.000868e-01 1.087996e-01 1.088314e-01 9.944476e-02 1.066412e-01 1.087067e-01 1.078257e-01 1.088070e-01 1.084090e-01 1.045184e-01 1.054011e-01 1.090675e-01 1.084769e-01 1.056688e-01 1.016383e-01 1.025467e-01 1.079106e-01 1.069816e-01 1.031652e-01 1.087840e-01 1.089792e-01 1.086688e-01 9.960688e-02 1.063787e-01 1.048443e-01 1.047282e-01 1.055154e-01 1.090924e-01 1.071924e-01 1.080807e-01 1.056208e-01 1.055340e-01 1.083758e-01 1.021507e-01 1.089346e-01 1.090632e-01 1.087915e-01 1.064432e-01 1.081383e-01 1.089534e-01 1.055381e-01 1.084832e-01 1.083867e-01 1.068042e-01 1.065106e-01 1.090726e-01 1.090489e-01 1.090133e-01 1.034141e-01 1.088280e-01 1.067756e-01 1.087253e-01 1.048787e-01 1.051514e-01 1.019681e-01 1.015422e-01 1.001951e-01 1.026652e-01 1.090887e-01 1.083999e-01 1.090656e-01 1.043057e-01 1.072681e-01 1.080903e-01 1.027183e-01 1.090936e-01 1.088898e-01 1.085112e-01 1.035547e-01 1.076646e-01 1.082917e-01 1.073949e-01 1.080851e-01 1.071934e-01 1.076196e-01 1.001895e-01 1.001748e-01 1.071968e-01 1.079453e-01 1.081761e-01 1.069277e-01 1.019358e-01 1.090920e-01 
1.633015e-01 1.633377e-01 1.633507e-01 1.636698e-01 1.633972e-01 1.634172e-01 1.634268e-01 1.634403e-01 1.634505e-01 1.634525e-01 1.634560e-01 1.634571e-01 1.634568e-01 1.634450e-01 1.633909e-01 1.633485e-01 1.632373e-01 1.630924e-01 1.630252e-01 1.628478e-01 1.628079e-01 1.627531e-01 1.627490e-01 1.627428e-01 1.625509e-01 1.623739e-01 1.623578e-01 1.623122e-01 1.622410e-01 1.620802e-01 1.618825e-01 1.618335e-01 1.613636e-01 1.610353e-01 1.605032e-01 1.604744e-01 1.601666e-01 1.598733e-01 1.596888e-01 1.596100e-01 1.595248e-01 1.591534e-01 1.589104e-01 1.586550e-01 1.583987e-01 1.518819e-01 1.515280e-01 1.514518e-01 1.511304e-01 1.508724e-01 1.508628e-01 1.505126e-01 1.502244e-01 1.501743e-01 1.497209e-01 1.488521e-01 1.483217e-01 1.480348e-01 1.479499e-01 1.479011e-01 1.477259e-01 1.476053e-01 1.474147e-01 1.470936e-01 1.461346e-01 1.453986e-01 1.451213e-01 1.450653e-01 1.449773e-01 1.449542e-01 1.446543e-01 1.441538e-01 1.440464e-01 1.436573e-01 1.433265e-01 1.414733e-01 1.407227e-01 1.406269e-01 1.404063e-01 1.398269e-01 1.396711e-01 1.393993e-01 1.389366e-01 1.382288e-01 1.382015e-01 1.381810e-01 1.380323e-01 1.367301e-01 1.361230e-01 1.360119e-01 1.358840e-01 1.358180e-01 1.357020e-01 1.347293e-01 1.344599e-01 1.341733e-01 1.341672e-01 1.332358e-01 1.324501e-01 1.322625e-01 1.318969e-01 1.090740e-01 1.091206e-01 1.052714e-01 1.091183e-01 1.033805e-01 1.062762e-01 1.091090e-01 1.040275e-01 1.076213e-01 1.048518e-01 1.028018e-01 1.013698e-01 1.048879e-01 1.024307e-01 9.990515e-02 1.037086e-01 1.059982e-01 1.002047e-01 1.088449e-01 1.088758e-01 9.956530e-02 1.067186e-01 1.087546e-01 1.078895e-01 1.088521e-01 1.084635e-01 1.046128e-01 1.054892e-01 1.091006e-01 1.085300e-01 1.057548e-01 1.017491e-01 1.026529e-01 1.079733e-01 1.070556e-01 1.032680e-01 1.088298e-01 1.090180e-01 1.087177e-01 9.972677e-02 1.064585e-01 1.049365e-01 1.048212e-01 1.056026e-01 1.091214e-01 1.072641e-01 1.081408e-01 1.057072e-01 1.056211e-01 1.084309e-01 1.022589e-01 1.089754e-01 1.090855e-01 1.088371e-01 1.065225e-01 1.081975e-01 1.089934e-01 1.056251e-01 1.085362e-01 1.084416e-01 1.068800e-01 1.065893e-01 1.090959e-01 1.090837e-01 1.090503e-01 1.035154e-01 1.088725e-01 1.068517e-01 1.087727e-01 1.049706e-01 1.052414e-01 1.020773e-01 1.016535e-01 1.003125e-01 1.027707e-01 1.091189e-01 1.084545e-01 1.090989e-01 1.044015e-01 1.073390e-01 1.081502e-01 1.028236e-01 1.091216e-01 1.089322e-01 1.085636e-01 1.036552e-01 1.077306e-01 1.083483e-01 1.074642e-01 1.081452e-01 1.072651e-01 1.076862e-01 1.003070e-01 1.002923e-01 1.072685e-01 1.080075e-01 1.082346e-01 1.070022e-01 1.020451e-01 1.091212e-01 
1.633185e-01 1.633586e-01 1.633731e-01 1.633972e-01 1.637238e-01 1.634496e-01 1.634612e-01 1.634782e-01 1.634923e-01 1.634953e-01 1.635016e-01 1.635056e-01 1.635063e-01 1.635019e-01 1.634595e-01 1.634229e-01 1.633228e-01 1.631886e-01 1.631257e-01 1.629581e-01 1.629202e-01 1.628681e-01 1.628641e-01 1.628582e-01 1.626749e-01 1.625049e-01 1.624894e-01 1.624455e-01 1.623769e-01 1.622217e-01 1.620305e-01 1.619830e-01 1.615266e-01 1.612069e-01 1.606875e-01 1.606594e-01 1.603584e-01 1.600711e-01 1.598904e-01 1.598131e-01 1.597296e-01 1.593652e-01 1.591266e-01 1.588758e-01 1.586238e-01 1.521907e-01 1.518404e-01 1.517649e-01 1.514466e-01 1.511910e-01 1.511816e-01 1.508346e-01 1.505491e-01 1.504995e-01 1.500501e-01 1.491889e-01 1.486630e-01 1.483785e-01 1.482943e-01 1.482459e-01 1.480721e-01 1.479524e-01 1.477634e-01 1.474447e-01 1.464931e-01 1.457624e-01 1.454871e-01 1.454315e-01 1.453441e-01 1.453211e-01 1.450233e-01 1.445263e-01 1.444195e-01 1.440331e-01 1.437044e-01 1.418627e-01 1.411165e-01 1.410213e-01 1.408020e-01 1.402259e-01 1.400709e-01 1.398006e-01 1.393403e-01 1.386363e-01 1.386091e-01 1.385887e-01 1.384408e-01 1.371450e-01 1.365409e-01 1.364303e-01 1.363029e-01 1.362372e-01 1.361218e-01 1.351534e-01 1.348852e-01 1.345999e-01 1.345938e-01 1.336663e-01 1.328837e-01 1.326968e-01 1.323327e-01 1.091206e-01 1.091561e-01 1.053918e-01 1.091579e-01 1.035178e-01 1.063854e-01 1.091510e-01 1.041594e-01 1.077113e-01 1.049763e-01 1.029435e-01 1.015214e-01 1.050120e-01 1.025751e-01 1.000656e-01 1.038432e-01 1.061107e-01 1.003635e-01 1.089049e-01 1.089345e-01 9.972767e-02 1.068222e-01 1.088181e-01 1.079747e-01 1.089118e-01 1.085359e-01 1.047395e-01 1.056073e-01 1.091440e-01 1.086005e-01 1.058700e-01 1.018982e-01 1.027957e-01 1.080568e-01 1.071545e-01 1.034061e-01 1.088904e-01 1.090691e-01 1.087824e-01 9.988824e-02 1.065655e-01 1.050602e-01 1.049460e-01 1.057195e-01 1.091592e-01 1.073599e-01 1.082209e-01 1.058230e-01 1.057378e-01 1.085041e-01 1.024046e-01 1.090291e-01 1.091141e-01 1.088975e-01 1.066287e-01 1.082763e-01 1.090461e-01 1.057418e-01 1.086065e-01 1.085145e-01 1.069814e-01 1.066946e-01 1.091258e-01 1.091292e-01 1.090990e-01 1.036516e-01 1.089313e-01 1.069535e-01 1.088355e-01 1.050940e-01 1.053621e-01 1.022242e-01 1.018033e-01 1.004706e-01 1.029127e-01 1.091582e-01 1.085271e-01 1.091425e-01 1.045302e-01 1.074336e-01 1.082301e-01 1.029651e-01 1.091580e-01 1.089883e-01 1.086332e-01 1.037902e-01 1.078187e-01 1.084236e-01 1.075569e-01 1.082251e-01 1.073609e-01 1.077751e-01 1.004651e-01 1.004506e-01 1.073642e-01 1.080903e-01 1.083126e-01 1.071019e-01 1.021922e-01 1.091592e-01 
1.633308e-01 1.633746e-01 1.633905e-01 1.634172e-01 1.634496e-01 1.637743e-01 1.634902e-01 1.635105e-01 1.635283e-01 1.635323e-01 1.635412e-01 1.635481e-01 1.635498e-01 1.635525e-01 1.635214e-01 1.634903e-01 1.634009e-01 1.632771e-01 1.632182e-01 1.630601e-01 1.630241e-01 1.629746e-01 1.629708e-01 1.629652e-01 1.627900e-01 1.626268e-01 1.626119e-01 1.625697e-01 1.625036e-01 1.623538e-01 1.621687e-01 1.621227e-01 1.616795e-01 1.613681e-01 1.608609e-01 1.608334e-01 1.605389e-01 1.602576e-01 1.600804e-01 1.600046e-01 1.599227e-01 1.595651e-01 1.593308e-01 1.590843e-01 1.588366e-01 1.524843e-01 1.521374e-01 1.520627e-01 1.517475e-01 1.514943e-01 1.514849e-01 1.511411e-01 1.508582e-01 1.508090e-01 1.503636e-01 1.495098e-01 1.489881e-01 1.487059e-01 1.486224e-01 1.485744e-01 1.484019e-01 1.482832e-01 1.480956e-01 1.477794e-01 1.468348e-01 1.461093e-01 1.458360e-01 1.457808e-01 1.456939e-01 1.456711e-01 1.453754e-01 1.448816e-01 1.447756e-01 1.443917e-01 1.440651e-01 1.422346e-01 1.414927e-01 1.413980e-01 1.411799e-01 1.406069e-01 1.404528e-01 1.401839e-01 1.397261e-01 1.390256e-01 1.389986e-01 1.389783e-01 1.388312e-01 1.375416e-01 1.369403e-01 1.368302e-01 1.367034e-01 1.366380e-01 1.365231e-01 1.355590e-01 1.352920e-01 1.350078e-01 1.350017e-01 1.340781e-01 1.332986e-01 1.331124e-01 1.327497e-01 1.091637e-01 1.091886e-01 1.055061e-01 1.091943e-01 1.036484e-01 1.064890e-01 1.091896e-01 1.042849e-01 1.077963e-01 1.050946e-01 1.030784e-01 1.016658e-01 1.051299e-01 1.027127e-01 1.002187e-01 1.039713e-01 1.062174e-01 1.005149e-01 1.089610e-01 1.089893e-01 9.988255e-02 1.069204e-01 1.088775e-01 1.080550e-01 1.089676e-01 1.086038e-01 1.048600e-01 1.057194e-01 1.091840e-01 1.086668e-01 1.059793e-01 1.020403e-01 1.029317e-01 1.081355e-01 1.072481e-01 1.035376e-01 1.089471e-01 1.091166e-01 1.088431e-01 1.000423e-01 1.066669e-01 1.051777e-01 1.050645e-01 1.058305e-01 1.091939e-01 1.074505e-01 1.082962e-01 1.059328e-01 1.058485e-01 1.085729e-01 1.025433e-01 1.090791e-01 1.091400e-01 1.089538e-01 1.067292e-01 1.083505e-01 1.090951e-01 1.058525e-01 1.086726e-01 1.085831e-01 1.070774e-01 1.067943e-01 1.091529e-01 1.091714e-01 1.091442e-01 1.037811e-01 1.089863e-01 1.070499e-01 1.088943e-01 1.052111e-01 1.054766e-01 1.023641e-01 1.019459e-01 1.006214e-01 1.030478e-01 1.091944e-01 1.085953e-01 1.091828e-01 1.046524e-01 1.075231e-01 1.083053e-01 1.030998e-01 1.091913e-01 1.090405e-01 1.086985e-01 1.039187e-01 1.079018e-01 1.084944e-01 1.076444e-01 1.083004e-01 1.074515e-01 1.078590e-01 1.006159e-01 1.006014e-01 1.074548e-01 1.081684e-01 1.083860e-01 1.071963e-01 1.023324e-01 1.091941e-01 
1.633359e-01 1.633818e-01 1.633986e-01 1.634268e-01 1.634612e-01 1.634902e-01 1.638025e-01 1.635271e-01 1.635469e-01 1.635516e-01 1.635620e-01 1.635705e-01 1.635727e-01 1.635795e-01 1.635548e-01 1.635269e-01 1.634436e-01 1.633257e-01 1.632692e-01 1.631165e-01 1.630816e-01 1.630335e-01 1.630298e-01 1.630244e-01 1.628539e-01 1.626946e-01 1.626800e-01 1.626387e-01 1.625740e-01 1.624273e-01 1.622458e-01 1.622006e-01 1.617649e-01 1.614582e-01 1.609580e-01 1.609308e-01 1.606401e-01 1.603622e-01 1.601870e-01 1.601121e-01 1.600311e-01 1.596774e-01 1.594455e-01 1.592015e-01 1.589562e-01 1.526502e-01 1.523053e-01 1.522309e-01 1.519175e-01 1.516656e-01 1.516563e-01 1.513144e-01 1.510329e-01 1.509840e-01 1.505409e-01 1.496912e-01 1.491721e-01 1.488912e-01 1.488080e-01 1.487602e-01 1.485886e-01 1.484703e-01 1.482836e-01 1.479689e-01 1.470283e-01 1.463058e-01 1.460336e-01 1.459785e-01 1.458920e-01 1.458694e-01 1.455747e-01 1.450829e-01 1.449773e-01 1.445948e-01 1.442695e-01 1.424454e-01 1.417059e-01 1.416115e-01 1.413941e-01 1.408230e-01 1.406693e-01 1.404013e-01 1.399448e-01 1.392465e-01 1.392195e-01 1.391992e-01 1.390526e-01 1.377666e-01 1.371669e-01 1.370571e-01 1.369306e-01 1.368655e-01 1.367508e-01 1.357892e-01 1.355228e-01 1.352393e-01 1.352333e-01 1.343118e-01 1.335341e-01 1.333484e-01 1.329864e-01 1.091876e-01 1.092063e-01 1.055706e-01 1.092143e-01 1.037222e-01 1.065473e-01 1.092109e-01 1.043558e-01 1.078441e-01 1.051613e-01 1.031546e-01 1.017476e-01 1.051965e-01 1.027904e-01 1.003053e-01 1.040436e-01 1.062776e-01 1.006006e-01 1.089922e-01 1.090198e-01 9.997028e-02 1.069756e-01 1.089106e-01 1.081001e-01 1.089986e-01 1.086418e-01 1.049280e-01 1.057826e-01 1.092061e-01 1.087038e-01 1.060410e-01 1.021207e-01 1.030085e-01 1.081797e-01 1.073008e-01 1.036119e-01 1.089786e-01 1.091429e-01 1.088769e-01 1.001295e-01 1.067240e-01 1.052440e-01 1.051315e-01 1.058930e-01 1.092130e-01 1.075015e-01 1.083385e-01 1.059948e-01 1.059110e-01 1.086114e-01 1.026217e-01 1.091069e-01 1.091540e-01 1.089852e-01 1.067859e-01 1.083920e-01 1.091223e-01 1.059149e-01 1.087095e-01 1.086214e-01 1.071315e-01 1.068505e-01 1.091676e-01 1.091946e-01 1.091692e-01 1.038544e-01 1.090169e-01 1.071042e-01 1.089271e-01 1.052773e-01 1.055413e-01 1.024432e-01 1.020267e-01 1.007068e-01 1.031242e-01 1.092143e-01 1.086335e-01 1.092050e-01 1.047215e-01 1.075734e-01 1.083474e-01 1.031760e-01 1.092096e-01 1.090696e-01 1.087350e-01 1.039913e-01 1.079485e-01 1.085341e-01 1.076936e-01 1.083426e-01 1.075024e-01 1.079061e-01 1.007013e-01 1.006869e-01 1.075057e-01 1.082122e-01 1.084271e-01 1.072494e-01 1.024116e-01 1.092133e-01 
1.633417e-01 1.633913e-01 1.634095e-01 1.634403e-01 1.634782e-01 1.635105e-01 1.635271e-01 1.638503e-01 1.635761e-01 1.635818e-01 1.635948e-01 1.636061e-01 1.636093e-01 1.636231e-01 1.636095e-01 1.635870e-01 1.635143e-01 1.634066e-01 1.633541e-01 1.632107e-01 1.631778e-01 1.631322e-01 1.631287e-01 1.631235e-01 1.629611e-01 1.628085e-01 1.627945e-01 1.627548e-01 1.626926e-01 1.625513e-01 1.623759e-01 1.623322e-01 1.619094e-01 1.616109e-01 1.611228e-01 1.610963e-01 1.608120e-01 1.605399e-01 1.603683e-01 1.602949e-01 1.602154e-01 1.598684e-01 1.596408e-01 1.594011e-01 1.591600e-01 1.529342e-01 1.525927e-01 1.525191e-01 1.522087e-01 1.519592e-01 1.519500e-01 1.516112e-01 1.513323e-01 1.512839e-01 1.508447e-01 1.500023e-01 1.494874e-01 1.492088e-01 1.491264e-01 1.490789e-01 1.489086e-01 1.487913e-01 1.486061e-01 1.482938e-01 1.473602e-01 1.466429e-01 1.463726e-01 1.463180e-01 1.462321e-01 1.462095e-01 1.459169e-01 1.454284e-01 1.453235e-01 1.449435e-01 1.446203e-01 1.428074e-01 1.420722e-01 1.419784e-01 1.417622e-01 1.411942e-01 1.410414e-01 1.407748e-01 1.403207e-01 1.396260e-01 1.395991e-01 1.395790e-01 1.394331e-01 1.381534e-01 1.375565e-01 1.374472e-01 1.373213e-01 1.372565e-01 1.371424e-01 1.361850e-01 1.359198e-01 1.356375e-01 1.356315e-01 1.347138e-01 1.339392e-01 1.337542e-01 1.333937e-01 1.092275e-01 1.092358e-01 1.056808e-01 1.092476e-01 1.038486e-01 1.066469e-01 1.092465e-01 1.044771e-01 1.079254e-01 1.052756e-01 1.032853e-01 1.018878e-01 1.053104e-01 1.029237e-01 1.004541e-01 1.041675e-01 1.063804e-01 1.007477e-01 1.090450e-01 1.090713e-01 1.001208e-01 1.070699e-01 1.089666e-01 1.081767e-01 1.090511e-01 1.087063e-01 1.050443e-01 1.058908e-01 1.092430e-01 1.087665e-01 1.061464e-01 1.022585e-01 1.031403e-01 1.082548e-01 1.073906e-01 1.037392e-01 1.090319e-01 1.091872e-01 1.089342e-01 1.002792e-01 1.068215e-01 1.053574e-01 1.052460e-01 1.060000e-01 1.092446e-01 1.075883e-01 1.084103e-01 1.061007e-01 1.060178e-01 1.086767e-01 1.027562e-01 1.091537e-01 1.091769e-01 1.090382e-01 1.068826e-01 1.084626e-01 1.091681e-01 1.060217e-01 1.087721e-01 1.086864e-01 1.072236e-01 1.069464e-01 1.091918e-01 1.092336e-01 1.092112e-01 1.039798e-01 1.090685e-01 1.071967e-01 1.089825e-01 1.053904e-01 1.056518e-01 1.025789e-01 1.021651e-01 1.008533e-01 1.032551e-01 1.092473e-01 1.086982e-01 1.092422e-01 1.048397e-01 1.076591e-01 1.084190e-01 1.033066e-01 1.092399e-01 1.091185e-01 1.087968e-01 1.041156e-01 1.080280e-01 1.086013e-01 1.077774e-01 1.084143e-01 1.075892e-01 1.079863e-01 1.008478e-01 1.008335e-01 1.075925e-01 1.082866e-01 1.084969e-01 1.073399e-01 1.025475e-01 1.092452e-01 
1.633435e-01 1.633971e-01 1.634169e-01 1.634505e-01 1.634923e-01 1.635283e-01 1.635469e-01 1.635761e-01 1.639013e-01 1.636104e-01 1.636262e-01 1.636406e-01 1.636448e-01 1.636664e-01 1.636650e-01 1.636485e-01 1.635873e-01 1.634908e-01 1.634428e-01 1.633096e-01 1.632788e-01 1.632359e-01 1.632327e-01 1.632278e-01 1.630742e-01 1.629290e-01 1.629157e-01 1.628778e-01 1.628183e-01 1.626828e-01 1.625141e-01 1.624720e-01 1.620635e-01 1.617740e-01 1.612992e-01 1.612734e-01 1.609962e-01 1.607305e-01 1.605628e-01 1.604910e-01 1.604133e-01 1.600737e-01 1.598507e-01 1.596158e-01 1.593793e-01 1.532420e-01 1.529042e-01 1.528314e-01 1.525243e-01 1.522774e-01 1.522683e-01 1.519330e-01 1.516570e-01 1.516090e-01 1.511742e-01 1.503399e-01 1.498297e-01 1.495536e-01 1.494719e-01 1.494249e-01 1.492561e-01 1.491399e-01 1.489563e-01 1.486466e-01 1.477209e-01 1.470093e-01 1.467411e-01 1.466869e-01 1.466016e-01 1.465793e-01 1.462889e-01 1.458041e-01 1.456999e-01 1.453227e-01 1.450018e-01 1.432013e-01 1.424708e-01 1.423776e-01 1.421627e-01 1.415983e-01 1.414464e-01 1.411814e-01 1.407300e-01 1.400393e-01 1.400126e-01 1.399926e-01 1.398474e-01 1.385748e-01 1.379810e-01 1.378723e-01 1.377470e-01 1.376825e-01 1.375690e-01 1.366163e-01 1.363524e-01 1.360715e-01 1.360655e-01 1.351521e-01 1.343809e-01 1.341967e-01 1.338378e-01 1.092695e-01 1.092662e-01 1.058001e-01 1.092822e-01 1.039857e-01 1.067545e-01 1.092837e-01 1.046086e-01 1.080128e-01 1.053992e-01 1.034271e-01 1.020401e-01 1.054337e-01 1.030684e-01 1.006157e-01 1.043018e-01 1.064914e-01 1.009075e-01 1.091010e-01 1.091259e-01 1.002845e-01 1.071715e-01 1.090263e-01 1.082590e-01 1.091068e-01 1.087752e-01 1.051703e-01 1.060077e-01 1.092817e-01 1.088336e-01 1.062603e-01 1.024081e-01 1.032833e-01 1.083354e-01 1.074873e-01 1.038772e-01 1.090886e-01 1.092339e-01 1.089951e-01 1.004419e-01 1.069267e-01 1.054802e-01 1.053699e-01 1.061157e-01 1.092775e-01 1.076818e-01 1.084873e-01 1.062151e-01 1.061332e-01 1.087465e-01 1.029021e-01 1.092032e-01 1.092002e-01 1.090946e-01 1.069870e-01 1.085383e-01 1.092164e-01 1.061371e-01 1.088389e-01 1.087559e-01 1.073230e-01 1.070499e-01 1.092165e-01 1.092745e-01 1.092554e-01 1.041157e-01 1.091232e-01 1.072965e-01 1.090414e-01 1.055128e-01 1.057714e-01 1.027262e-01 1.023154e-01 1.010124e-01 1.033971e-01 1.092818e-01 1.087673e-01 1.092811e-01 1.049677e-01 1.077514e-01 1.084958e-01 1.034482e-01 1.092713e-01 1.091704e-01 1.088629e-01 1.042504e-01 1.081134e-01 1.086733e-01 1.078676e-01 1.084912e-01 1.076827e-01 1.080725e-01 1.010070e-01 1.009928e-01 1.076859e-01 1.083665e-01 1.085717e-01 1.074375e-01 1.026951e-01 1.092783e-01 
1.633432e-01 1.633979e-01 1.634181e-01 1.634525e-01 1.634953e-01 1.635323e-01 1.635516e-01 1.635818e-01 1.636104e-01 1.639151e-01 1.636341e-01 1.636493e-01 1.636538e-01 1.636775e-01 1.636794e-01 1.636646e-01 1.636065e-01 1.635132e-01 1.634664e-01 1.633360e-01 1.633057e-01 1.632637e-01 1.632605e-01 1.632557e-01 1.631046e-01 1.629614e-01 1.629482e-01 1.629108e-01 1.628521e-01 1.627182e-01 1.625514e-01 1.625097e-01 1.621052e-01 1.618181e-01 1.613470e-01 1.613213e-01 1.610461e-01 1.607822e-01 1.606156e-01 1.605442e-01 1.604670e-01 1.601295e-01 1.599077e-01 1.596741e-01 1.594389e-01 1.533260e-01 1.529893e-01 1.529166e-01 1.526105e-01 1.523643e-01 1.523552e-01 1.520210e-01 1.517457e-01 1.516979e-01 1.512642e-01 1.504321e-01 1.499233e-01 1.496479e-01 1.495664e-01 1.495195e-01 1.493511e-01 1.492352e-01 1.490520e-01 1.487431e-01 1.478195e-01 1.471095e-01 1.468419e-01 1.467878e-01 1.467027e-01 1.466804e-01 1.463907e-01 1.459068e-01 1.458029e-01 1.454265e-01 1.451062e-01 1.433091e-01 1.425800e-01 1.424869e-01 1.422724e-01 1.417089e-01 1.415573e-01 1.412928e-01 1.408421e-01 1.401525e-01 1.401258e-01 1.401059e-01 1.399610e-01 1.386903e-01 1.380973e-01 1.379888e-01 1.378637e-01 1.377993e-01 1.376859e-01 1.367346e-01 1.364710e-01 1.361904e-01 1.361844e-01 1.352722e-01 1.345020e-01 1.343181e-01 1.339595e-01 1.092807e-01 1.092743e-01 1.058326e-01 1.092915e-01 1.040232e-01 1.067838e-01 1.092936e-01 1.046445e-01 1.080365e-01 1.054329e-01 1.034659e-01 1.020817e-01 1.054673e-01 1.031079e-01 1.006600e-01 1.043385e-01 1.065216e-01 1.009512e-01 1.091160e-01 1.091406e-01 1.003293e-01 1.071992e-01 1.090423e-01 1.082814e-01 1.091218e-01 1.087939e-01 1.052047e-01 1.060395e-01 1.092920e-01 1.088517e-01 1.062914e-01 1.024490e-01 1.033223e-01 1.083572e-01 1.075136e-01 1.039149e-01 1.091039e-01 1.092464e-01 1.090116e-01 1.004864e-01 1.069554e-01 1.055137e-01 1.054037e-01 1.061472e-01 1.092862e-01 1.077072e-01 1.085081e-01 1.062463e-01 1.061647e-01 1.087654e-01 1.029420e-01 1.092165e-01 1.092063e-01 1.091098e-01 1.070154e-01 1.085588e-01 1.092294e-01 1.061685e-01 1.088570e-01 1.087748e-01 1.073501e-01 1.070780e-01 1.092229e-01 1.092855e-01 1.092673e-01 1.041529e-01 1.091380e-01 1.073237e-01 1.090573e-01 1.055462e-01 1.058041e-01 1.027664e-01 1.023565e-01 1.010560e-01 1.034359e-01 1.092910e-01 1.087860e-01 1.092915e-01 1.050027e-01 1.077765e-01 1.085166e-01 1.034869e-01 1.092796e-01 1.091844e-01 1.088807e-01 1.042872e-01 1.081366e-01 1.086928e-01 1.078921e-01 1.085120e-01 1.077081e-01 1.080960e-01 1.010506e-01 1.010363e-01 1.077113e-01 1.083882e-01 1.085920e-01 1.074640e-01 1.027354e-01 1.092871e-01 
1.633407e-01 1.633982e-01 1.634196e-01 1.634560e-01 1.635016e-01 1.635412e-01 1.635620e-01 1.635948e-01 1.636262e-01 1.636341e-01 1.639505e-01 1.636702e-01 1.636754e-01 1.637047e-01 1.637153e-01 1.637048e-01 1.636550e-01 1.635697e-01 1.635261e-01 1.634031e-01 1.633743e-01 1.633342e-01 1.633312e-01 1.633266e-01 1.631819e-01 1.630440e-01 1.630313e-01 1.629951e-01 1.629383e-01 1.628086e-01 1.626467e-01 1.626062e-01 1.622119e-01 1.619313e-01 1.614698e-01 1.614446e-01 1.611744e-01 1.609151e-01 1.607514e-01 1.606812e-01 1.606052e-01 1.602730e-01 1.600546e-01 1.598243e-01 1.595924e-01 1.535433e-01 1.532093e-01 1.531372e-01 1.528334e-01 1.525892e-01 1.525802e-01 1.522484e-01 1.519752e-01 1.519277e-01 1.514972e-01 1.506710e-01 1.501656e-01 1.498920e-01 1.498110e-01 1.497644e-01 1.495972e-01 1.494819e-01 1.492999e-01 1.489930e-01 1.480750e-01 1.473692e-01 1.471031e-01 1.470493e-01 1.469647e-01 1.469425e-01 1.466544e-01 1.461732e-01 1.460698e-01 1.456954e-01 1.453768e-01 1.435887e-01 1.428630e-01 1.427704e-01 1.425569e-01 1.419959e-01 1.418450e-01 1.415816e-01 1.411329e-01 1.404462e-01 1.404196e-01 1.403997e-01 1.402554e-01 1.389898e-01 1.383991e-01 1.382910e-01 1.381664e-01 1.381022e-01 1.379892e-01 1.370413e-01 1.367787e-01 1.364991e-01 1.364931e-01 1.355840e-01 1.348163e-01 1.346330e-01 1.342756e-01 1.093093e-01 1.092946e-01 1.059167e-01 1.093148e-01 1.041201e-01 1.068595e-01 1.093186e-01 1.047373e-01 1.080977e-01 1.055201e-01 1.035662e-01 1.021896e-01 1.055542e-01 1.032103e-01 1.007746e-01 1.044334e-01 1.065998e-01 1.010645e-01 1.091547e-01 1.091782e-01 1.004454e-01 1.072706e-01 1.090835e-01 1.083389e-01 1.091602e-01 1.088418e-01 1.052936e-01 1.061219e-01 1.093181e-01 1.088982e-01 1.063716e-01 1.025550e-01 1.034234e-01 1.084135e-01 1.075815e-01 1.040125e-01 1.091429e-01 1.092784e-01 1.090538e-01 1.006018e-01 1.070293e-01 1.056003e-01 1.054911e-01 1.062286e-01 1.093082e-01 1.077728e-01 1.085618e-01 1.063269e-01 1.062460e-01 1.088139e-01 1.030453e-01 1.092504e-01 1.092215e-01 1.091486e-01 1.070887e-01 1.086115e-01 1.092625e-01 1.062498e-01 1.089034e-01 1.088231e-01 1.074198e-01 1.071507e-01 1.092391e-01 1.093133e-01 1.092974e-01 1.042490e-01 1.091757e-01 1.073937e-01 1.090980e-01 1.056325e-01 1.058884e-01 1.028707e-01 1.024630e-01 1.011688e-01 1.035364e-01 1.093141e-01 1.088341e-01 1.093178e-01 1.050931e-01 1.078412e-01 1.085701e-01 1.035871e-01 1.093006e-01 1.092200e-01 1.089265e-01 1.043824e-01 1.081963e-01 1.087429e-01 1.079553e-01 1.085656e-01 1.077737e-01 1.081563e-01 1.011634e-01 1.011492e-01 1.077768e-01 1.084439e-01 1.086441e-01 1.075325e-01 1.028398e-01 1.093092e-01 
1.633353e-01 1.633959e-01 1.634185e-01 1.634571e-01 1.635056e-01 1.635481e-01 1.635705e-01 1.636061e-01 1.636406e-01 1.636493e-01 1.636702e-01 1.639876e-01 1.636960e-01 1.637312e-01 1.637512e-01 1.637452e-01 1.637044e-01 1.636277e-01 1.635875e-01 1.634724e-01 1.634453e-01 1.634073e-01 1.634044e-01 1.634001e-01 1.632622e-01 1.631300e-01 1.631177e-01 1.630830e-01 1.630283e-01 1.629031e-01 1.627464e-01 1.627071e-01 1.623238e-01 1.620501e-01 1.615989e-01 1.615742e-01 1.613096e-01 1.610553e-01 1.608945e-01 1.608256e-01 1.607510e-01 1.604244e-01 1.602097e-01 1.599831e-01 1.597548e-01 1.537742e-01 1.534431e-01 1.533717e-01 1.530705e-01 1.528283e-01 1.528194e-01 1.524904e-01 1.522193e-01 1.521722e-01 1.517451e-01 1.509252e-01 1.504235e-01 1.501518e-01 1.500714e-01 1.500252e-01 1.498591e-01 1.497447e-01 1.495639e-01 1.492590e-01 1.483472e-01 1.476458e-01 1.473813e-01 1.473279e-01 1.472438e-01 1.472218e-01 1.469354e-01 1.464571e-01 1.463543e-01 1.459821e-01 1.456653e-01 1.438869e-01 1.431649e-01 1.430727e-01 1.428603e-01 1.423021e-01 1.421518e-01 1.418897e-01 1.414431e-01 1.407595e-01 1.407331e-01 1.407133e-01 1.405696e-01 1.393095e-01 1.387213e-01 1.386136e-01 1.384895e-01 1.384255e-01 1.383131e-01 1.373689e-01 1.371073e-01 1.368288e-01 1.368228e-01 1.359171e-01 1.351521e-01 1.349694e-01 1.346132e-01 1.093389e-01 1.093152e-01 1.060060e-01 1.093387e-01 1.042231e-01 1.069397e-01 1.093445e-01 1.048360e-01 1.081623e-01 1.056128e-01 1.036729e-01 1.023044e-01 1.056466e-01 1.033192e-01 1.008967e-01 1.045343e-01 1.066826e-01 1.011852e-01 1.091950e-01 1.092176e-01 1.005691e-01 1.073463e-01 1.091267e-01 1.083995e-01 1.092003e-01 1.088921e-01 1.053881e-01 1.062093e-01 1.093451e-01 1.089471e-01 1.064567e-01 1.026678e-01 1.035310e-01 1.084729e-01 1.076534e-01 1.041163e-01 1.091838e-01 1.093116e-01 1.090980e-01 1.007248e-01 1.071077e-01 1.056922e-01 1.055840e-01 1.063151e-01 1.093308e-01 1.078421e-01 1.086183e-01 1.064124e-01 1.063322e-01 1.088649e-01 1.031552e-01 1.092857e-01 1.092367e-01 1.091892e-01 1.071664e-01 1.086671e-01 1.092970e-01 1.063360e-01 1.089521e-01 1.088739e-01 1.074937e-01 1.072278e-01 1.092553e-01 1.093420e-01 1.093287e-01 1.043511e-01 1.092152e-01 1.074679e-01 1.091407e-01 1.057242e-01 1.059779e-01 1.029816e-01 1.025763e-01 1.012890e-01 1.036433e-01 1.093379e-01 1.088846e-01 1.093450e-01 1.051891e-01 1.079095e-01 1.086264e-01 1.036936e-01 1.093220e-01 1.092572e-01 1.089746e-01 1.044837e-01 1.082593e-01 1.087956e-01 1.080220e-01 1.086221e-01 1.078430e-01 1.082200e-01 1.012836e-01 1.012695e-01 1.078460e-01 1.085027e-01 1.086989e-01 1.076049e-01 1.029509e-01 1.093320e-01 
1.633329e-01 1.633945e-01 1.634175e-01 1.634568e-01 1.635063e-01 1.635498e-01 1.635727e-01 1.636093e-01 1.636448e-01 1.636538e-01 1.636754e-01 1.636960e-01 1.640000e-01 1.637395e-01 1.637628e-01 1.637584e-01 1.637205e-01 1.636468e-01 1.636077e-01 1.634954e-01 1.634687e-01 1.634315e-01 1.634287e-01 1.634244e-01 1.632888e-01 1.631586e-01 1.631465e-01 1.631122e-01 1.630582e-01 1.629346e-01 1.627796e-01 1.627408e-01 1.623612e-01 1.620899e-01 1.616422e-01 1.616177e-01 1.613549e-01 1.611023e-01 1.609425e-01 1.608741e-01 1.607999e-01 1.604753e-01 1.602618e-01 1.600364e-01 1.598093e-01 1.538522e-01 1.535221e-01 1.534509e-01 1.531505e-01 1.529091e-01 1.529001e-01 1.525720e-01 1.523017e-01 1.522548e-01 1.518289e-01 1.510110e-01 1.505106e-01 1.502396e-01 1.501594e-01 1.501133e-01 1.499476e-01 1.498334e-01 1.496531e-01 1.493490e-01 1.484392e-01 1.477393e-01 1.474754e-01 1.474221e-01 1.473382e-01 1.473162e-01 1.470304e-01 1.465531e-01 1.464505e-01 1.460790e-01 1.457628e-01 1.439878e-01 1.432671e-01 1.431750e-01 1.429629e-01 1.424057e-01 1.422557e-01 1.419940e-01 1.415481e-01 1.408656e-01 1.408392e-01 1.408194e-01 1.406760e-01 1.394178e-01 1.388304e-01 1.387228e-01 1.385989e-01 1.385350e-01 1.384227e-01 1.374799e-01 1.372186e-01 1.369404e-01 1.369345e-01 1.360299e-01 1.352658e-01 1.350833e-01 1.347275e-01 1.093486e-01 1.093220e-01 1.060361e-01 1.093466e-01 1.042579e-01 1.069667e-01 1.093530e-01 1.048694e-01 1.081840e-01 1.056440e-01 1.037089e-01 1.023432e-01 1.056777e-01 1.033560e-01 1.009380e-01 1.045684e-01 1.067106e-01 1.012260e-01 1.092085e-01 1.092307e-01 1.006109e-01 1.073717e-01 1.091411e-01 1.084199e-01 1.092137e-01 1.089089e-01 1.054199e-01 1.062388e-01 1.093541e-01 1.089634e-01 1.064853e-01 1.027059e-01 1.035674e-01 1.084928e-01 1.076775e-01 1.041513e-01 1.091974e-01 1.093226e-01 1.091127e-01 1.007664e-01 1.071341e-01 1.057233e-01 1.056153e-01 1.063442e-01 1.093382e-01 1.078654e-01 1.086373e-01 1.064413e-01 1.063613e-01 1.088820e-01 1.031923e-01 1.092975e-01 1.092416e-01 1.092028e-01 1.071926e-01 1.086857e-01 1.093085e-01 1.063651e-01 1.089684e-01 1.088909e-01 1.075185e-01 1.072537e-01 1.092605e-01 1.093515e-01 1.093391e-01 1.043856e-01 1.092283e-01 1.074928e-01 1.091549e-01 1.057552e-01 1.060080e-01 1.030191e-01 1.026146e-01 1.013296e-01 1.036794e-01 1.093457e-01 1.089015e-01 1.093540e-01 1.052215e-01 1.079325e-01 1.086454e-01 1.037296e-01 1.093291e-01 1.092696e-01 1.089907e-01 1.045178e-01 1.082805e-01 1.088132e-01 1.080444e-01 1.086410e-01 1.078663e-01 1.082414e-01 1.013243e-01 1.013102e-01 1.078693e-01 1.085224e-01 1.087173e-01 1.076293e-01 1.029885e-01 1.093395e-01 
1.633047e-01 1.633741e-01 1.634002e-01 1.634450e-01 1.635019e-01 1.635525e-01 1.635795e-01 1.636231e-01 1.636664e-01 1.636775e-01 1.637047e-01 1.637312e-01 1.637395e-01 1.640894e-01 1.638386e-01 1.638458e-01 1.638304e-01 1.637785e-01 1.637481e-01 1.636557e-01 1.636331e-01 1.636013e-01 1.635988e-01 1.635952e-01 1.634769e-01 1.633610e-01 1.633502e-01 1.633194e-01 1.632707e-01 1.631585e-01 1.630166e-01 1.629809e-01 1.626292e-01 1.623755e-01 1.619538e-01 1.619306e-01 1.616817e-01 1.614417e-01 1.612896e-01 1.612244e-01 1.611536e-01 1.608435e-01 1.606391e-01 1.604230e-01 1.602050e-01 1.544222e-01 1.540996e-01 1.540299e-01 1.537362e-01 1.535000e-01 1.534912e-01 1.531701e-01 1.529054e-01 1.528594e-01 1.524421e-01 1.516403e-01 1.511493e-01 1.508834e-01 1.508046e-01 1.507593e-01 1.505966e-01 1.504845e-01 1.503074e-01 1.500086e-01 1.491143e-01 1.484259e-01 1.481663e-01 1.481138e-01 1.480312e-01 1.480096e-01 1.477282e-01 1.472582e-01 1.471572e-01 1.467913e-01 1.464797e-01 1.447295e-01 1.440183e-01 1.439274e-01 1.437181e-01 1.431678e-01 1.430197e-01 1.427613e-01 1.423208e-01 1.416463e-01 1.416203e-01 1.416007e-01 1.414589e-01 1.402148e-01 1.396337e-01 1.395273e-01 1.394047e-01 1.393415e-01 1.392303e-01 1.382971e-01 1.380384e-01 1.377630e-01 1.377571e-01 1.368611e-01 1.361041e-01 1.359232e-01 1.355706e-01 1.094174e-01 1.093683e-01 1.062558e-01 1.094011e-01 1.045128e-01 1.071635e-01 1.094124e-01 1.051131e-01 1.083413e-01 1.058723e-01 1.039730e-01 1.026280e-01 1.059053e-01 1.036257e-01 1.012413e-01 1.048177e-01 1.069141e-01 1.015258e-01 1.093045e-01 1.093240e-01 1.009183e-01 1.075570e-01 1.092442e-01 1.085672e-01 1.093091e-01 1.090301e-01 1.056529e-01 1.064539e-01 1.094163e-01 1.090809e-01 1.066946e-01 1.029854e-01 1.038338e-01 1.086368e-01 1.078532e-01 1.044080e-01 1.092947e-01 1.094006e-01 1.092185e-01 1.010718e-01 1.073263e-01 1.059499e-01 1.058443e-01 1.065569e-01 1.093892e-01 1.080346e-01 1.087742e-01 1.066516e-01 1.065736e-01 1.090050e-01 1.034646e-01 1.093808e-01 1.092740e-01 1.092995e-01 1.073831e-01 1.088201e-01 1.093896e-01 1.065772e-01 1.090856e-01 1.090132e-01 1.076993e-01 1.074424e-01 1.092956e-01 1.094182e-01 1.094121e-01 1.046382e-01 1.093219e-01 1.076744e-01 1.092566e-01 1.059811e-01 1.062285e-01 1.032940e-01 1.028954e-01 1.016280e-01 1.039440e-01 1.093998e-01 1.090232e-01 1.094168e-01 1.054584e-01 1.080994e-01 1.087818e-01 1.039934e-01 1.093772e-01 1.093576e-01 1.091062e-01 1.047681e-01 1.084339e-01 1.089404e-01 1.082072e-01 1.087777e-01 1.080355e-01 1.083964e-01 1.016227e-01 1.016089e-01 1.080384e-01 1.086650e-01 1.088500e-01 1.078065e-01 1.032638e-01 1.093909e-01 
1.632250e-01 1.633066e-01 1.633375e-01 1.633909e-01 1.634595e-01 1.635214e-01 1.635548e-01 1.636095e-01 1.636650e-01 1.636794e-01 1.637153e-01 1.637512e-01 1.637628e-01 1.638386e-01 1.642204e-01 1.639483e-01 1.639684e-01 1.639510e-01 1.639342e-01 1.638734e-01 1.638572e-01 1.638339e-01 1.638321e-01 1.638294e-01 1.637384e-01 1.636453e-01 1.636364e-01 1.636112e-01 1.635709e-01 1.634767e-01 1.633558e-01 1.633250e-01 1.630174e-01 1.627916e-01 1.624113e-01 1.623902e-01 1.621633e-01 1.619434e-01 1.618034e-01 1.617433e-01 1.616780e-01 1.613909e-01 1.612010e-01 1.609997e-01 1.607961e-01 1.552917e-01 1.549809e-01 1.549138e-01 1.546306e-01 1.544027e-01 1.543942e-01 1.540843e-01 1.538286e-01 1.537842e-01 1.533807e-01 1.526046e-01 1.521288e-01 1.518708e-01 1.517945e-01 1.517505e-01 1.515926e-01 1.514838e-01 1.513119e-01 1.510217e-01 1.501524e-01 1.494824e-01 1.492295e-01 1.491784e-01 1.490979e-01 1.490768e-01 1.488027e-01 1.483445e-01 1.482460e-01 1.478890e-01 1.475849e-01 1.458747e-01 1.451789e-01 1.450900e-01 1.448850e-01 1.443462e-01 1.442011e-01 1.439478e-01 1.435161e-01 1.428547e-01 1.428291e-01 1.428099e-01 1.426708e-01 1.414496e-01 1.408788e-01 1.407742e-01 1.406537e-01 1.405916e-01 1.404823e-01 1.395647e-01 1.393102e-01 1.390393e-01 1.390335e-01 1.381515e-01 1.374060e-01 1.372278e-01 1.368804e-01 1.095117e-01 1.094273e-01 1.065898e-01 1.094731e-01 1.049026e-01 1.074610e-01 1.094919e-01 1.054853e-01 1.085760e-01 1.062199e-01 1.043775e-01 1.030656e-01 1.062518e-01 1.040393e-01 1.017087e-01 1.051987e-01 1.072223e-01 1.019873e-01 1.094421e-01 1.094573e-01 1.013920e-01 1.078360e-01 1.093929e-01 1.087861e-01 1.094457e-01 1.092076e-01 1.060079e-01 1.067805e-01 1.095004e-01 1.092525e-01 1.070117e-01 1.034147e-01 1.042420e-01 1.088504e-01 1.081169e-01 1.048008e-01 1.094342e-01 1.095095e-01 1.093713e-01 1.015425e-01 1.076163e-01 1.062948e-01 1.061928e-01 1.068795e-01 1.094555e-01 1.082882e-01 1.089765e-01 1.069704e-01 1.068955e-01 1.091851e-01 1.038822e-01 1.094982e-01 1.093110e-01 1.094380e-01 1.076705e-01 1.090184e-01 1.095036e-01 1.068990e-01 1.092565e-01 1.091925e-01 1.079711e-01 1.077270e-01 1.093368e-01 1.095093e-01 1.095134e-01 1.050245e-01 1.094557e-01 1.079475e-01 1.094032e-01 1.063249e-01 1.065634e-01 1.037159e-01 1.033269e-01 1.020874e-01 1.043493e-01 1.094710e-01 1.092014e-01 1.095017e-01 1.058198e-01 1.083492e-01 1.089835e-01 1.043974e-01 1.094391e-01 1.094824e-01 1.092747e-01 1.051506e-01 1.086624e-01 1.091273e-01 1.084505e-01 1.089798e-01 1.082890e-01 1.086274e-01 1.020823e-01 1.020687e-01 1.082918e-01 1.088764e-01 1.090456e-01 1.080728e-01 1.036864e-01 1.094580e-01 
